a contact +0 +604800 10 1 1
a contact +0 +604800 1 10 1
a contact +0 +604800 12 1 1
a contact +0 +604800 1 12 1
a contact +0 +604800 14 1 1
a contact +0 +604800 1 14 1
a contact +0 +604800 16 1 1
a contact +0 +604800 1 16 1
a contact +0 +604800 18 1 1
a contact +0 +604800 1 18 1
a contact +29067 +29547 44 10 1
a contact +29067 +29547 10 44 1
a contact +35001 +35737 44 10 1
a contact +35001 +35737 10 44 1
a contact +75271 +75957 44 10 1
a contact +75271 +75957 10 44 1
a contact +81316 +81987 44 10 1
a contact +81316 +81987 10 44 1
a contact +119393 +120138 44 10 1
a contact +119393 +120138 10 44 1
a contact +125568 +125966 44 10 1
a contact +125568 +125966 10 44 1
a contact +159757 +160293 44 10 1
a contact +159757 +160293 10 44 1
a contact +165663 +166412 44 10 1
a contact +165663 +166412 10 44 1
a contact +203807 +204503 44 10 1
a contact +203807 +204503 10 44 1
a contact +209874 +210489 44 10 1
a contact +209874 +210489 10 44 1
a contact +244383 +244507 44 10 1
a contact +244383 +244507 10 44 1
a contact +250049 +250813 44 10 1
a contact +250049 +250813 10 44 1
a contact +256323 +256687 44 10 1
a contact +256323 +256687 10 44 1
a contact +288252 +288822 44 10 1
a contact +288252 +288822 10 44 1
a contact +294231 +294946 44 10 1
a contact +294231 +294946 10 44 1
a contact +334471 +335193 44 10 1
a contact +334471 +335193 10 44 1
a contact +340573 +341187 44 10 1
a contact +340573 +341187 10 44 1
a contact +372781 +373040 44 10 1
a contact +372781 +373040 10 44 1
a contact +378614 +379362 44 10 1
a contact +378614 +379362 10 44 1
a contact +384877 +385081 44 10 1
a contact +384877 +385081 10 44 1
a contact +418934 +419545 44 10 1
a contact +418934 +419545 10 44 1
a contact +424900 +425625 44 10 1
a contact +424900 +425625 10 44 1
a contact +463018 +463743 44 10 1
a contact +463018 +463743 10 44 1
a contact +469124 +469670 44 10 1
a contact +469124 +469670 10 44 1
a contact +503470 +503842 44 10 1
a contact +503470 +503842 10 44 1
a contact +509271 +510035 44 10 1
a contact +509271 +510035 10 44 1
a contact +515721 +515756 44 10 1
a contact +515721 +515756 10 44 1
a contact +547449 +548083 44 10 1
a contact +547449 +548083 10 44 1
a contact +553466 +554148 44 10 1
a contact +553466 +554148 10 44 1
a contact +593678 +594424 44 10 1
a contact +593678 +594424 10 44 1
a contact +599841 +600378 44 10 1
a contact +599841 +600378 10 44 1
a contact +5804 +6548 44 12 1
a contact +5804 +6548 12 44 1
a contact +12108 +12371 44 12 1
a contact +12108 +12371 12 44 1
a contact +44221 +44760 44 12 1
a contact +44221 +44760 12 44 1
a contact +50172 +50906 44 12 1
a contact +50172 +50906 12 44 1
a contact +90231 +90923 44 12 1
a contact +90231 +90923 12 44 1
a contact +96328 +96910 44 12 1
a contact +96328 +96910 12 44 1
a contact +134556 +135321 44 12 1
a contact +134556 +135321 12 44 1
a contact +140856 +141011 44 12 1
a contact +140856 +141011 12 44 1
a contact +174707 +175262 44 12 1
a contact +174707 +175262 12 44 1
a contact +180652 +181358 44 12 1
a contact +180652 +181358 12 44 1
a contact +218966 +219697 44 12 1
a contact +218966 +219697 12 44 1
a contact +225072 +225628 44 12 1
a contact +225072 +225628 12 44 1
a contact +259305 +259495 44 12 1
a contact +259305 +259495 12 44 1
a contact +265024 +265771 44 12 1
a contact +265024 +265771 12 44 1
a contact +303409 +304028 44 12 1
a contact +303409 +304028 12 44 1
a contact +309407 +310109 44 12 1
a contact +309407 +310109 12 44 1
a contact +349435 +350157 44 12 1
a contact +349435 +350157 12 44 1
a contact +355601 +356092 44 12 1
a contact +355601 +356092 12 44 1
a contact +387922 +388274 44 12 1
a contact +387922 +388274 12 44 1
a contact +393780 +394540 44 12 1
a contact +393780 +394540 12 44 1
a contact +433889 +434513 44 12 1
a contact +433889 +434513 12 44 1
a contact +439897 +440563 44 12 1
a contact +439897 +440563 12 44 1
a contact +478179 +478932 44 12 1
a contact +478179 +478932 12 44 1
a contact +484338 +484790 44 12 1
a contact +484338 +484790 12 44 1
a contact +518412 +518814 44 12 1
a contact +518412 +518814 12 44 1
a contact +524251 +524989 44 12 1
a contact +524251 +524989 12 44 1
a contact +562607 +563284 44 12 1
a contact +562607 +563284 12 44 1
a contact +568648 +569303 44 12 1
a contact +568648 +569303 12 44 1
a contact +1230 +1869 44 14 1
a contact +1230 +1869 14 44 1
a contact +7282 +8043 44 14 1
a contact +7282 +8043 14 44 1
a contact +13338 +14069 44 14 1
a contact +13338 +14069 14 44 1
a contact +19415 +19932 44 14 1
a contact +19415 +19932 14 44 1
a contact +43057 +43225 44 14 1
a contact +43057 +43225 14 44 1
a contact +48762 +49375 44 14 1
a contact +48762 +49375 14 44 1
a contact +54688 +55441 44 14 1
a contact +54688 +55441 14 44 1
a contact +60769 +61494 44 14 1
a contact +60769 +61494 14 44 1
a contact +66995 +67548 44 14 1
a contact +66995 +67548 14 44 1
a contact +73324 +73629 44 14 1
a contact +73324 +73629 14 44 1
a contact +79544 +79870 44 14 1
a contact +79544 +79870 14 44 1
a contact +85619 +86197 44 14 1
a contact +85619 +86197 14 44 1
a contact +91673 +92413 44 14 1
a contact +91673 +92413 14 44 1
a contact +97727 +98483 44 14 1
a contact +97727 +98483 14 44 1
a contact +103794 +104397 44 14 1
a contact +103794 +104397 14 44 1
a contact +109975 +110060 44 14 1
a contact +109975 +110060 14 44 1
a contact +133223 +133755 44 14 1
a contact +133223 +133755 14 44 1
a contact +139099 +139829 44 14 1
a contact +139099 +139829 14 44 1
a contact +145136 +145885 44 14 1
a contact +145136 +145885 14 44 1
a contact +151321 +151938 44 14 1
a contact +151321 +151938 14 44 1
a contact +157630 +158004 44 14 1
a contact +157630 +158004 14 44 1
a contact +163911 +164182 44 14 1
a contact +163911 +164182 14 44 1
a contact +170008 +170515 44 14 1
a contact +170008 +170515 14 44 1
a contact +176064 +176771 44 14 1
a contact +176064 +176771 14 44 1
a contact +182116 +182884 44 14 1
a contact +182116 +182884 14 44 1
a contact +188177 +188845 44 14 1
a contact +188177 +188845 14 44 1
a contact +194282 +194624 44 14 1
a contact +194282 +194624 14 44 1
a contact +217702 +218128 44 14 1
a contact +217702 +218128 14 44 1
a contact +223524 +224217 44 14 1
a contact +223524 +224217 14 44 1
a contact +229515 +230275 44 14 1
a contact +229515 +230275 14 44 1
a contact +235658 +236328 44 14 1
a contact +235658 +236328 14 44 1
a contact +241937 +242387 44 14 1
a contact +241937 +242387 14 44 1
a contact +248257 +248511 44 14 1
a contact +248257 +248511 14 44 1
a contact +254394 +254824 44 14 1
a contact +254394 +254824 14 44 1
a contact +260454 +261115 44 14 1
a contact +260454 +261115 14 44 1
a contact +266506 +267272 44 14 1
a contact +266506 +267272 14 44 1
a contact +272564 +273279 44 14 1
a contact +272564 +273279 14 44 1
a contact +278646 +279120 44 14 1
a contact +278646 +279120 14 44 1
a contact +302212 +302482 44 14 1
a contact +302212 +302482 14 44 1
a contact +307962 +308602 44 14 1
a contact +307962 +308602 14 44 1
a contact +313908 +314665 44 14 1
a contact +313908 +314665 14 44 1
a contact +320007 +320719 44 14 1
a contact +320007 +320719 14 44 1
a contact +326249 +326774 44 14 1
a contact +326249 +326774 14 44 1
a contact +332581 +332863 44 14 1
a contact +332581 +332863 14 44 1
a contact +338775 +339130 44 14 1
a contact +338775 +339130 14 44 1
a contact +344844 +345448 44 14 1
a contact +344844 +345448 14 44 1
a contact +350897 +351648 44 14 1
a contact +350897 +351648 14 44 1
a contact +356952 +357699 44 14 1
a contact +356952 +357699 14 44 1
a contact +363022 +363592 44 14 1
a contact +363022 +363592 14 44 1
a contact +392416 +392984 44 14 1
a contact +392416 +392984 14 44 1
a contact +398313 +399055 44 14 1
a contact +398313 +399055 14 44 1
a contact +404368 +405109 44 14 1
a contact +404368 +405109 14 44 1
a contact +410571 +411162 44 14 1
a contact +410571 +411162 14 44 1
a contact +416890 +417234 44 14 1
a contact +416890 +417234 14 44 1
a contact +423147 +423437 44 14 1
a contact +423147 +423437 14 44 1
a contact +429233 +429770 44 14 1
a contact +429233 +429770 14 44 1
a contact +435288 +436010 44 14 1
a contact +435288 +436010 14 44 1
a contact +441341 +442106 44 14 1
a contact +441341 +442106 14 44 1
a contact +447404 +448047 44 14 1
a contact +447404 +448047 14 44 1
a contact +453526 +453793 44 14 1
a contact +453526 +453793 14 44 1
a contact +476887 +477361 44 14 1
a contact +476887 +477361 14 44 1
a contact +482732 +483443 44 14 1
a contact +482732 +483443 14 44 1
a contact +488743 +489500 44 14 1
a contact +488743 +489500 14 44 1
a contact +494903 +495552 44 14 1
a contact +494903 +495552 14 44 1
a contact +501195 +501614 44 14 1
a contact +501195 +501614 14 44 1
a contact +507503 +507758 44 14 1
a contact +507503 +507758 14 44 1
a contact +513620 +514083 44 14 1
a contact +513620 +514083 14 44 1
a contact +519678 +520360 44 14 1
a contact +519678 +520360 14 44 1
a contact +525731 +526499 44 14 1
a contact +525731 +526499 14 44 1
a contact +531789 +532487 44 14 1
a contact +531789 +532487 14 44 1
a contact +537879 +538304 44 14 1
a contact +537879 +538304 14 44 1
a contact +561382 +561725 44 14 1
a contact +561382 +561725 14 44 1
a contact +567165 +567829 44 14 1
a contact +567165 +567829 14 44 1
a contact +573130 +573890 44 14 1
a contact +573130 +573890 14 44 1
a contact +579247 +579943 44 14 1
a contact +579247 +579943 14 44 1
a contact +585505 +585999 44 14 1
a contact +585505 +585999 14 44 1
a contact +591835 +592100 44 14 1
a contact +591835 +592100 14 44 1
a contact +598004 +598389 44 14 1
a contact +598004 +598389 14 44 1
a contact +604069 +604698 44 14 1
a contact +604069 +604698 14 44 1
a contact +10981 +11720 44 16 1
a contact +10981 +11720 16 44 1
a contact +17161 +17554 44 16 1
a contact +17161 +17554 16 44 1
a contact +51186 +51650 44 16 1
a contact +51186 +51650 16 44 1
a contact +57052 +57803 44 16 1
a contact +57052 +57803 16 44 1
a contact +95405 +96076 44 16 1
a contact +95405 +96076 16 44 1
a contact +101459 +102080 44 16 1
a contact +101459 +102080 16 44 1
a contact +141443 +142203 44 16 1
a contact +141443 +142203 16 44 1
a contact +147715 +148057 44 16 1
a contact +147715 +148057 16 44 1
a contact +179873 +180375 44 16 1
a contact +179873 +180375 16 44 1
a contact +185814 +186535 44 16 1
a contact +185814 +186535 16 44 1
a contact +225872 +226577 44 16 1
a contact +225872 +226577 16 44 1
a contact +231958 +232573 44 16 1
a contact +231958 +232573 16 44 1
a contact +270200 +270947 44 16 1
a contact +270200 +270947 16 44 1
a contact +276485 +276656 44 16 1
a contact +276485 +276656 16 44 1
a contact +310351 +310915 44 16 1
a contact +310351 +310915 16 44 1
a contact +316287 +317016 44 16 1
a contact +316287 +317016 16 44 1
a contact +354612 +355320 44 16 1
a contact +354612 +355320 16 44 1
a contact +360711 +361261 44 16 1
a contact +360711 +361261 16 44 1
a contact +394951 +395147 44 16 1
a contact +394951 +395147 16 44 1
a contact +400662 +401427 44 16 1
a contact +400662 +401427 16 44 1
a contact +439058 +439646 44 16 1
a contact +439058 +439646 16 44 1
a contact +445049 +445738 44 16 1
a contact +445049 +445738 16 44 1
a contact +485075 +485811 44 16 1
a contact +485075 +485811 16 44 1
a contact +491227 +491760 44 16 1
a contact +491227 +491760 16 44 1
a contact +523587 +523875 44 16 1
a contact +523587 +523875 16 44 1
a contact +529423 +530167 44 16 1
a contact +529423 +530167 16 44 1
a contact +569531 +570167 44 16 1
a contact +569531 +570167 16 44 1
a contact +575530 +576223 44 16 1
a contact +575530 +576223 16 44 1
a contact +8232 +8530 44 18 1
a contact +8232 +8530 18 44 1
a contact +14058 +14817 44 18 1
a contact +14058 +14817 18 44 1
a contact +54036 +54653 44 18 1
a contact +54036 +54653 18 44 1
a contact +60043 +60702 44 18 1
a contact +60043 +60702 18 44 1
a contact +98458 +99209 44 18 1
a contact +98458 +99209 18 44 1
a contact +104631 +105056 44 18 1
a contact +104631 +105056 18 44 1
a contact +138571 +138939 44 18 1
a contact +138571 +138939 18 44 1
a contact +144396 +145132 44 18 1
a contact +144396 +145132 18 44 1
a contact +182890 +183559 44 18 1
a contact +182890 +183559 18 44 1
a contact +188930 +189578 44 18 1
a contact +188930 +189578 18 44 1
a contact +228791 +229530 44 18 1
a contact +228791 +229530 18 44 1
a contact +235064 +235367 44 18 1
a contact +235064 +235367 18 44 1
a contact +267375 +267844 44 18 1
a contact +267375 +267844 18 44 1
a contact +273287 +274029 44 18 1
a contact +273287 +274029 18 44 1
a contact +313227 +313897 44 18 1
a contact +313227 +313897 18 44 1
a contact +319299 +319897 44 18 1
a contact +319299 +319897 18 44 1
a contact +357675 +358438 44 18 1
a contact +357675 +358438 18 44 1
a contact +363947 +364169 44 18 1
a contact +363947 +364169 18 44 1
a contact +397720 +398220 44 18 1
a contact +397720 +398220 18 44 1
a contact +403630 +404344 44 18 1
a contact +403630 +404344 18 44 1
a contact +442093 +442806 44 18 1
a contact +442093 +442806 18 44 1
a contact +448182 +448760 44 18 1
a contact +448182 +448760 18 44 1
a contact +488008 +488754 44 18 1
a contact +488008 +488754 18 44 1
a contact +526550 +527123 44 18 1
a contact +526550 +527123 18 44 1
a contact +532520 +533234 44 18 1
a contact +532520 +533234 18 44 1
a contact +572427 +573135 44 18 1
a contact +572427 +573135 18 44 1
a contact +578568 +579081 44 18 1
a contact +578568 +579081 18 44 1
