a contact +0 +604800 10 1 1
a contact +0 +604800 1 10 1
a contact +0 +604800 12 1 1
a contact +0 +604800 1 12 1
a contact +29067 +29547 44 10 1
a contact +29067 +29547 10 44 1
a contact +35001 +35737 44 10 1
a contact +35001 +35737 10 44 1
a contact +75271 +75957 44 10 1
a contact +75271 +75957 10 44 1
a contact +81316 +81987 44 10 1
a contact +81316 +81987 10 44 1
a contact +119393 +120138 44 10 1
a contact +119393 +120138 10 44 1
a contact +125568 +125966 44 10 1
a contact +125568 +125966 10 44 1
a contact +159757 +160293 44 10 1
a contact +159757 +160293 10 44 1
a contact +165663 +166412 44 10 1
a contact +165663 +166412 10 44 1
a contact +203807 +204503 44 10 1
a contact +203807 +204503 10 44 1
a contact +209874 +210489 44 10 1
a contact +209874 +210489 10 44 1
a contact +244383 +244507 44 10 1
a contact +244383 +244507 10 44 1
a contact +250049 +250813 44 10 1
a contact +250049 +250813 10 44 1
a contact +256323 +256687 44 10 1
a contact +256323 +256687 10 44 1
a contact +288252 +288822 44 10 1
a contact +288252 +288822 10 44 1
a contact +294231 +294946 44 10 1
a contact +294231 +294946 10 44 1
a contact +334471 +335193 44 10 1
a contact +334471 +335193 10 44 1
a contact +340573 +341187 44 10 1
a contact +340573 +341187 10 44 1
a contact +372781 +373040 44 10 1
a contact +372781 +373040 10 44 1
a contact +378614 +379362 44 10 1
a contact +378614 +379362 10 44 1
a contact +384877 +385081 44 10 1
a contact +384877 +385081 10 44 1
a contact +418934 +419545 44 10 1
a contact +418934 +419545 10 44 1
a contact +424900 +425625 44 10 1
a contact +424900 +425625 10 44 1
a contact +463018 +463743 44 10 1
a contact +463018 +463743 10 44 1
a contact +469124 +469670 44 10 1
a contact +469124 +469670 10 44 1
a contact +503470 +503842 44 10 1
a contact +503470 +503842 10 44 1
a contact +509271 +510035 44 10 1
a contact +509271 +510035 10 44 1
a contact +515721 +515756 44 10 1
a contact +515721 +515756 10 44 1
a contact +547449 +548083 44 10 1
a contact +547449 +548083 10 44 1
a contact +553466 +554148 44 10 1
a contact +553466 +554148 10 44 1
a contact +593678 +594424 44 10 1
a contact +593678 +594424 10 44 1
a contact +599841 +600378 44 10 1
a contact +599841 +600378 10 44 1
a contact +5804 +6548 44 12 1
a contact +5804 +6548 12 44 1
a contact +12108 +12371 44 12 1
a contact +12108 +12371 12 44 1
a contact +44221 +44760 44 12 1
a contact +44221 +44760 12 44 1
a contact +50172 +50906 44 12 1
a contact +50172 +50906 12 44 1
a contact +90231 +90923 44 12 1
a contact +90231 +90923 12 44 1
a contact +96328 +96910 44 12 1
a contact +96328 +96910 12 44 1
a contact +134556 +135321 44 12 1
a contact +134556 +135321 12 44 1
a contact +140856 +141011 44 12 1
a contact +140856 +141011 12 44 1
a contact +174707 +175262 44 12 1
a contact +174707 +175262 12 44 1
a contact +180652 +181358 44 12 1
a contact +180652 +181358 12 44 1
a contact +218966 +219697 44 12 1
a contact +218966 +219697 12 44 1
a contact +225072 +225628 44 12 1
a contact +225072 +225628 12 44 1
a contact +259305 +259495 44 12 1
a contact +259305 +259495 12 44 1
a contact +265024 +265771 44 12 1
a contact +265024 +265771 12 44 1
a contact +303409 +304028 44 12 1
a contact +303409 +304028 12 44 1
a contact +309407 +310109 44 12 1
a contact +309407 +310109 12 44 1
a contact +349435 +350157 44 12 1
a contact +349435 +350157 12 44 1
a contact +355601 +356092 44 12 1
a contact +355601 +356092 12 44 1
a contact +387922 +388274 44 12 1
a contact +387922 +388274 12 44 1
a contact +393780 +394540 44 12 1
a contact +393780 +394540 12 44 1
a contact +433889 +434513 44 12 1
a contact +433889 +434513 12 44 1
a contact +439897 +440563 44 12 1
a contact +439897 +440563 12 44 1
a contact +478179 +478932 44 12 1
a contact +478179 +478932 12 44 1
a contact +484338 +484790 44 12 1
a contact +484338 +484790 12 44 1
a contact +518412 +518814 44 12 1
a contact +518412 +518814 12 44 1
a contact +524251 +524989 44 12 1
a contact +524251 +524989 12 44 1
a contact +562607 +563284 44 12 1
a contact +562607 +563284 12 44 1
a contact +568648 +569303 44 12 1
a contact +568648 +569303 12 44 1
