a contact +0 +604800 3 2 1
a contact +0 +604800 2 3 1
a contact +0 +604800 5 4 1
a contact +0 +604800 4 5 1
a contact +0 +604800 7 6 1
a contact +0 +604800 6 7 1
a contact +0 +604800 9 8 1
a contact +0 +604800 8 9 1
a contact +0 +604800 11 10 1
a contact +0 +604800 10 11 1
a contact +0 +604800 2 1 1
a contact +0 +604800 1 2 1
a contact +0 +604800 4 1 1
a contact +0 +604800 1 4 1
a contact +0 +604800 6 1 1
a contact +0 +604800 1 6 1
a contact +0 +604800 8 1 1
a contact +0 +604800 1 8 1
a contact +0 +604800 10 1 1
a contact +0 +604800 1 10 1
a contact +0 +604800 44 45 1
a contact +0 +604800 45 44 1
a contact +3985 +4815 44 3 1
a contact +3985 +4815 3 44 1
a contact +10082 +10969 44 3 1
a contact +10082 +10969 3 44 1
a contact +16149 +17053 44 3 1
a contact +16149 +17053 3 44 1
a contact +22195 +23051 44 3 1
a contact +22195 +23051 3 44 1
a contact +28220 +28964 44 3 1
a contact +28220 +28964 3 44 1
a contact +34213 +34823 44 3 1
a contact +34213 +34823 3 44 1
a contact +40145 +40689 44 3 1
a contact +40145 +40689 3 44 1
a contact +46010 +46624 44 3 1
a contact +46010 +46624 3 44 1
a contact +51867 +52619 44 3 1
a contact +51867 +52619 3 44 1
a contact +57781 +58644 44 3 1
a contact +57781 +58644 3 44 1
a contact +63779 +64690 44 3 1
a contact +63779 +64690 3 44 1
a contact +69865 +70757 44 3 1
a contact +69865 +70757 3 44 1
a contact +76021 +76853 44 3 1
a contact +76021 +76853 3 44 1
a contact +82201 +82993 44 3 1
a contact +82201 +82993 3 44 1
a contact +88355 +89169 44 3 1
a contact +88355 +89169 3 44 1
a contact +94464 +95336 44 3 1
a contact +94464 +95336 3 44 1
a contact +100538 +101443 44 3 1
a contact +100538 +101443 3 44 1
a contact +106589 +107467 44 3 1
a contact +106589 +107467 3 44 1
a contact +112621 +113403 44 3 1
a contact +112621 +113403 3 44 1
a contact +118625 +119273 44 3 1
a contact +118625 +119273 3 44 1
a contact +124579 +125129 44 3 1
a contact +124579 +125129 3 44 1
a contact +130460 +131042 44 3 1
a contact +130460 +131042 3 44 1
a contact +136311 +137022 44 3 1
a contact +136311 +137022 3 44 1
a contact +142204 +143041 44 3 1
a contact +142204 +143041 3 44 1
a contact +148177 +149081 44 3 1
a contact +148177 +149081 3 44 1
a contact +154238 +155141 44 3 1
a contact +154238 +155141 3 44 1
a contact +160376 +161227 44 3 1
a contact +160376 +161227 3 44 1
a contact +166555 +167353 44 3 1
a contact +166555 +167353 3 44 1
a contact +172720 +173522 44 3 1
a contact +172720 +173522 3 44 1
a contact +178842 +179697 44 3 1
a contact +178842 +179697 3 44 1
a contact +184925 +185826 44 3 1
a contact +184925 +185826 3 44 1
a contact +190982 +191875 44 3 1
a contact +190982 +191875 3 44 1
a contact +197020 +197836 44 3 1
a contact +197020 +197836 3 44 1
a contact +203034 +203722 44 3 1
a contact +203034 +203722 3 44 1
a contact +209006 +209574 44 3 1
a contact +209006 +209574 3 44 1
a contact +214907 +215465 44 3 1
a contact +214907 +215465 3 44 1
a contact +220759 +221429 44 3 1
a contact +220759 +221429 3 44 1
a contact +226634 +227439 44 3 1
a contact +226634 +227439 3 44 1
a contact +232581 +233473 44 3 1
a contact +232581 +233473 3 44 1
a contact +238617 +239527 44 3 1
a contact +238617 +239527 3 44 1
a contact +244735 +245604 44 3 1
a contact +244735 +245604 3 44 1
a contact +250908 +251718 44 3 1
a contact +250908 +251718 3 44 1
a contact +257082 +257875 44 3 1
a contact +257082 +257875 3 44 1
a contact +263217 +264054 44 3 1
a contact +263217 +264054 3 44 1
a contact +269310 +270201 44 3 1
a contact +269310 +270201 3 44 1
a contact +275373 +276276 44 3 1
a contact +275373 +276276 3 44 1
a contact +281417 +282262 44 3 1
a contact +281417 +282262 3 44 1
a contact +287439 +288167 44 3 1
a contact +287439 +288167 3 44 1
a contact +293426 +294022 44 3 1
a contact +293426 +294022 3 44 1
a contact +299350 +299895 44 3 1
a contact +299350 +299895 3 44 1
a contact +305209 +305839 44 3 1
a contact +305209 +305839 3 44 1
a contact +311071 +311839 44 3 1
a contact +311071 +311839 3 44 1
a contact +316994 +317867 44 3 1
a contact +316994 +317867 3 44 1
a contact +323003 +323915 44 3 1
a contact +323003 +323915 3 44 1
a contact +329099 +329984 44 3 1
a contact +329099 +329984 3 44 1
a contact +335260 +336086 44 3 1
a contact +335260 +336086 3 44 1
a contact +341440 +342231 44 3 1
a contact +341440 +342231 3 44 1
a contact +347588 +348408 44 3 1
a contact +347588 +348408 3 44 1
a contact +353692 +354570 44 3 1
a contact +353692 +354570 3 44 1
a contact +359763 +360669 44 3 1
a contact +359763 +360669 3 44 1
a contact +365812 +366681 44 3 1
a contact +365812 +366681 3 44 1
a contact +371841 +372608 44 3 1
a contact +371841 +372608 3 44 1
a contact +377841 +378472 44 3 1
a contact +377841 +378472 3 44 1
a contact +383786 +384332 44 3 1
a contact +383786 +384332 3 44 1
a contact +389659 +390254 44 3 1
a contact +389659 +390254 3 44 1
a contact +395513 +396241 44 3 1
a contact +395513 +396241 3 44 1
a contact +401414 +402262 44 3 1
a contact +401414 +402262 3 44 1
a contact +407397 +408305 44 3 1
a contact +407397 +408305 3 44 1
a contact +413469 +414367 44 3 1
a contact +413469 +414367 3 44 1
a contact +419614 +420458 44 3 1
a contact +419614 +420458 3 44 1
a contact +425795 +426590 44 3 1
a contact +425795 +426590 3 44 1
a contact +431955 +432761 44 3 1
a contact +431955 +432761 3 44 1
a contact +438072 +438934 44 3 1
a contact +438072 +438934 3 44 1
a contact +444151 +445054 44 3 1
a contact +444151 +445054 3 44 1
a contact +450206 +451093 44 3 1
a contact +450206 +451093 3 44 1
a contact +456241 +457044 44 3 1
a contact +456241 +457044 3 44 1
a contact +462251 +462922 44 3 1
a contact +462251 +462922 3 44 1
a contact +468216 +468775 44 3 1
a contact +468216 +468775 3 44 1
a contact +474108 +474675 44 3 1
a contact +474108 +474675 3 44 1
a contact +479959 +480646 44 3 1
a contact +479959 +480646 3 44 1
a contact +485841 +486660 44 3 1
a contact +485841 +486660 3 44 1
a contact +491799 +492696 44 3 1
a contact +491799 +492696 3 44 1
a contact +497845 +498752 44 3 1
a contact +497845 +498752 3 44 1
a contact +503972 +504834 44 3 1
a contact +503972 +504834 3 44 1
a contact +510148 +510952 44 3 1
a contact +510148 +510952 3 44 1
a contact +516319 +517115 44 3 1
a contact +516319 +517115 3 44 1
a contact +522448 +523293 44 3 1
a contact +522448 +523293 3 44 1
a contact +528537 +529432 44 3 1
a contact +528537 +529432 3 44 1
a contact +534598 +535497 44 3 1
a contact +534598 +535497 3 44 1
a contact +540638 +541473 44 3 1
a contact +540638 +541473 3 44 1
a contact +546657 +547369 44 3 1
a contact +546657 +547369 3 44 1
a contact +552639 +553222 44 3 1
a contact +552639 +553222 3 44 1
a contact +558553 +559102 44 3 1
a contact +558553 +559102 3 44 1
a contact +564408 +565055 44 3 1
a contact +564408 +565055 3 44 1
a contact +570275 +571059 44 3 1
a contact +570275 +571059 3 44 1
a contact +576208 +577090 44 3 1
a contact +576208 +577090 3 44 1
a contact +582228 +583140 44 3 1
a contact +582228 +583140 3 44 1
a contact +588334 +589213 44 3 1
a contact +588334 +589213 3 44 1
a contact +594500 +595319 44 3 1
a contact +594500 +595319 3 44 1
a contact +600678 +601469 44 3 1
a contact +600678 +601469 3 44 1
a contact +15355 +15915 44 5 1
a contact +15355 +15915 5 44 1
a contact +21158 +22053 44 5 1
a contact +21158 +22053 5 44 1
a contact +27263 +28081 44 5 1
a contact +27263 +28081 5 44 1
a contact +58796 +59567 44 5 1
a contact +58796 +59567 5 44 1
a contact +64813 +65703 44 5 1
a contact +64813 +65703 5 44 1
a contact +70934 +71546 44 5 1
a contact +70934 +71546 5 44 1
a contact +99942 +100196 44 5 1
a contact +99942 +100196 5 44 1
a contact +105586 +106435 44 5 1
a contact +105586 +106435 5 44 1
a contact +111608 +112488 44 5 1
a contact +111608 +112488 5 44 1
a contact +117967 +118413 44 5 1
a contact +117967 +118413 5 44 1
a contact +143222 +143868 44 5 1
a contact +143222 +143868 5 44 1
a contact +149205 +150099 44 5 1
a contact +149205 +150099 5 44 1
a contact +155287 +156035 44 5 1
a contact +155287 +156035 5 44 1
a contact +190040 +190806 44 5 1
a contact +190040 +190806 5 44 1
a contact +195979 +196887 44 5 1
a contact +195979 +196887 5 44 1
a contact +202214 +202870 44 5 1
a contact +202214 +202870 5 44 1
a contact +227679 +228115 44 5 1
a contact +227679 +228115 5 44 1
a contact +233604 +234471 44 5 1
a contact +233604 +234471 5 44 1
a contact +239658 +240490 44 5 1
a contact +239658 +240490 5 44 1
a contact +245919 +246110 44 5 1
a contact +245919 +246110 5 44 1
a contact +274526 +275162 44 5 1
a contact +274526 +275162 5 44 1
a contact +280374 +281279 44 5 1
a contact +280374 +281279 5 44 1
a contact +286514 +287295 44 5 1
a contact +286514 +287295 5 44 1
a contact +318011 +318817 44 5 1
a contact +318011 +318817 5 44 1
a contact +324039 +324919 44 5 1
a contact +324039 +324919 5 44 1
a contact +330182 +330716 44 5 1
a contact +330182 +330716 5 44 1
a contact +359066 +359482 44 5 1
a contact +359066 +359482 5 44 1
a contact +364792 +365664 44 5 1
a contact +364792 +365664 5 44 1
a contact +370848 +371706 44 5 1
a contact +370848 +371706 5 44 1
a contact +377283 +377584 44 5 1
a contact +377283 +377584 5 44 1
a contact +402429 +403134 44 5 1
a contact +402429 +403134 5 44 1
a contact +408428 +409324 44 5 1
a contact +408428 +409324 5 44 1
a contact +414524 +415223 44 5 1
a contact +414524 +415223 5 44 1
a contact +449234 +450040 44 5 1
a contact +449234 +450040 5 44 1
a contact +455209 +456108 44 5 1
a contact +455209 +456108 5 44 1
a contact +461488 +462072 44 5 1
a contact +461488 +462072 5 44 1
a contact +486870 +487408 44 5 1
a contact +486870 +487408 5 44 1
a contact +492824 +493705 44 5 1
a contact +492824 +493705 5 44 1
a contact +498889 +499691 44 5 1
a contact +498889 +499691 5 44 1
a contact +533706 +534403 44 5 1
a contact +533706 +534403 5 44 1
a contact +539594 +540503 44 5 1
a contact +539594 +540503 5 44 1
a contact +545770 +546507 44 5 1
a contact +545770 +546507 5 44 1
a contact +571390 +571578 44 5 1
a contact +571390 +571578 5 44 1
a contact +577227 +578063 44 5 1
a contact +577227 +578063 5 44 1
a contact +583266 +584130 44 5 1
a contact +583266 +584130 5 44 1
a contact +589439 +589873 44 5 1
a contact +589439 +589873 5 44 1
a contact +18366 +18653 44 7 1
a contact +18366 +18653 7 44 1
a contact +24038 +24907 44 7 1
a contact +24038 +24907 7 44 1
a contact +30143 +30918 44 7 1
a contact +30143 +30918 7 44 1
a contact +61990 +62684 44 7 1
a contact +61990 +62684 7 44 1
a contact +67963 +68869 44 7 1
a contact +67963 +68869 7 44 1
a contact +74117 +74684 44 7 1
a contact +74117 +74684 7 44 1
a contact +108478 +109280 44 7 1
a contact +108478 +109280 7 44 1
a contact +114481 +115338 44 7 1
a contact +114481 +115338 7 44 1
a contact +146470 +146929 44 7 1
a contact +146470 +146929 7 44 1
a contact +152359 +153259 44 7 1
a contact +152359 +153259 7 44 1
a contact +158449 +159193 44 7 1
a contact +158449 +159193 7 44 1
a contact +192954 +193633 44 7 1
a contact +192954 +193633 7 44 1
a contact +198852 +199742 44 7 1
a contact +198852 +199742 7 44 1
a contact +205131 +205662 44 7 1
a contact +205131 +205662 7 44 1
a contact +236767 +237620 44 7 1
a contact +236767 +237620 7 44 1
a contact +242810 +243656 44 7 1
a contact +242810 +243656 7 44 1
a contact +277489 +277945 44 7 1
a contact +277489 +277945 7 44 1
a contact +283251 +284134 44 7 1
a contact +283251 +284134 7 44 1
a contact +289400 +290124 44 7 1
a contact +289400 +290124 7 44 1
a contact +321193 +321948 44 7 1
a contact +321193 +321948 7 44 1
a contact +327188 +328085 44 7 1
a contact +327188 +328085 7 44 1
a contact +333383 +333835 44 7 1
a contact +333383 +333835 7 44 1
a contact +367678 +368513 44 7 1
a contact +367678 +368513 7 44 1
a contact +373723 +374552 44 7 1
a contact +373723 +374552 7 44 1
a contact +405648 +406225 44 7 1
a contact +405648 +406225 7 44 1
a contact +411579 +412487 44 7 1
a contact +411579 +412487 7 44 1
a contact +417692 +418375 44 7 1
a contact +417692 +418375 7 44 1
a contact +452138 +452876 44 7 1
a contact +452138 +452876 7 44 1
a contact +458081 +458962 44 7 1
a contact +458081 +458962 7 44 1
a contact +464435 +464833 44 7 1
a contact +464435 +464833 7 44 1
a contact +490237 +490347 44 7 1
a contact +490237 +490347 7 44 1
a contact +495982 +496860 44 7 1
a contact +495982 +496860 7 44 1
a contact +502044 +502854 44 7 1
a contact +502044 +502854 7 44 1
a contact +536643 +537210 44 7 1
a contact +536643 +537210 7 44 1
a contact +542468 +543359 44 7 1
a contact +542468 +543359 7 44 1
a contact +548666 +549325 44 7 1
a contact +548666 +549325 7 44 1
a contact +580400 +581203 44 7 1
a contact +580400 +581203 7 44 1
a contact +586416 +587297 44 7 1
a contact +586416 +587297 7 44 1
a contact +592679 +592954 44 7 1
a contact +592679 +592954 7 44 1
a contact +0 +378 44 9 1
a contact +0 +378 9 44 1
a contact +5684 +6284 44 9 1
a contact +5684 +6284 9 44 1
a contact +38377 +38975 44 9 1
a contact +38377 +38975 9 44 1
a contact +44271 +45167 44 9 1
a contact +44271 +45167 9 44 1
a contact +83946 +84742 44 9 1
a contact +83946 +84742 9 44 1
a contact +89981 +90766 44 9 1
a contact +89981 +90766 9 44 1
a contact +128667 +129567 44 9 1
a contact +128667 +129567 9 44 1
a contact +134846 +135412 44 9 1
a contact +134846 +135412 9 44 1
a contact +168438 +169062 44 9 1
a contact +168438 +169062 9 44 1
a contact +174332 +175201 44 9 1
a contact +174332 +175201 9 44 1
a contact +213090 +213931 44 9 1
a contact +213090 +213931 9 44 1
a contact +219148 +219925 44 9 1
a contact +219148 +219925 9 44 1
a contact +253091 +253231 44 9 1
a contact +253091 +253231 9 44 1
a contact +258722 +259605 44 9 1
a contact +258722 +259605 9 44 1
a contact +264979 +265440 44 9 1
a contact +264979 +265440 9 44 1
a contact +297553 +298250 44 9 1
a contact +297553 +298250 9 44 1
a contact +303501 +304377 44 9 1
a contact +303501 +304377 9 44 1
a contact +343145 +343981 44 9 1
a contact +343145 +343981 9 44 1
a contact +349235 +349960 44 9 1
a contact +349235 +349960 9 44 1
a contact +382107 +382470 44 9 1
a contact +382107 +382470 9 44 1
a contact +387886 +388791 44 9 1
a contact +387886 +388791 9 44 1
a contact +394141 +394547 44 9 1
a contact +394141 +394547 9 44 1
a contact +427612 +428323 44 9 1
a contact +427612 +428323 9 44 1
a contact +433568 +434411 44 9 1
a contact +433568 +434411 9 44 1
a contact +472297 +473171 44 9 1
a contact +472297 +473171 9 44 1
a contact +478400 +479108 44 9 1
a contact +478400 +479108 9 44 1
a contact +512159 +512594 44 9 1
a contact +512159 +512594 9 44 1
a contact +517942 +518827 44 9 1
a contact +517942 +518827 9 44 1
a contact +524335 +524537 44 9 1
a contact +524335 +524537 9 44 1
a contact +556741 +557511 44 9 1
a contact +556741 +557511 9 44 1
a contact +562736 +563581 44 9 1
a contact +562736 +563581 9 44 1
a contact +602351 +603215 44 9 1
a contact +602351 +603215 9 44 1
a contact +28961 +29650 44 11 1
a contact +28961 +29650 11 44 1
a contact +34929 +35808 44 11 1
a contact +34929 +35808 11 44 1
a contact +41195 +41492 44 11 1
a contact +41195 +41492 11 44 1
a contact +75193 +76035 44 11 1
a contact +75193 +76035 11 44 1
a contact +81235 +82069 44 11 1
a contact +81235 +82069 11 44 1
a contact +113459 +113890 44 11 1
a contact +113459 +113890 11 44 1
a contact +119321 +120209 44 11 1
a contact +119321 +120209 11 44 1
a contact +125453 +126080 44 11 1
a contact +125453 +126080 11 44 1
a contact +159662 +160388 44 11 1
a contact +159662 +160388 11 44 1
a contact +165590 +166485 44 11 1
a contact +165590 +166485 11 44 1
a contact +172030 +172252 44 11 1
a contact +172030 +172252 11 44 1
a contact +203729 +204579 44 11 1
a contact +203729 +204579 11 44 1
a contact +209791 +210572 44 11 1
a contact +209791 +210572 11 44 1
a contact +244190 +244699 44 11 1
a contact +244190 +244699 11 44 1
a contact +249978 +250884 44 11 1
a contact +249978 +250884 11 44 1
a contact +256194 +256818 44 11 1
a contact +256194 +256818 11 44 1
a contact +288159 +288912 44 11 1
a contact +288159 +288912 11 44 1
a contact +294157 +295019 44 11 1
a contact +294157 +295019 11 44 1
a contact +334396 +335267 44 11 1
a contact +334396 +335267 11 44 1
a contact +340485 +341276 44 11 1
a contact +340485 +341276 11 44 1
a contact +372627 +373191 44 11 1
a contact +372627 +373191 11 44 1
a contact +378542 +379432 44 11 1
a contact +378542 +379432 11 44 1
a contact +384715 +385242 44 11 1
a contact +384715 +385242 11 44 1
a contact +418849 +419631 44 11 1
a contact +418849 +419631 11 44 1
a contact +424825 +425701 44 11 1
a contact +424825 +425701 11 44 1
a contact +462944 +463815 44 11 1
a contact +462944 +463815 11 44 1
a contact +469032 +469761 44 11 1
a contact +469032 +469761 11 44 1
a contact +503347 +503964 44 11 1
a contact +503347 +503964 11 44 1
a contact +509200 +510107 44 11 1
a contact +509200 +510107 11 44 1
a contact +515484 +515995 44 11 1
a contact +515484 +515995 11 44 1
a contact +547364 +548165 44 11 1
a contact +547364 +548165 11 44 1
a contact +553389 +554224 44 11 1
a contact +553389 +554224 11 44 1
a contact +587959 +588202 44 11 1
a contact +587959 +588202 11 44 1
a contact +593605 +594497 44 11 1
a contact +593605 +594497 11 44 1
a contact +599743 +600477 44 11 1
a contact +599743 +600477 11 44 1
a contact +3431 +4256 45 3 1
a contact +3431 +4256 3 45 1
a contact +9531 +10414 45 3 1
a contact +9531 +10414 3 45 1
a contact +15600 +16505 45 3 1
a contact +15600 +16505 3 45 1
a contact +21648 +22511 45 3 1
a contact +21648 +22511 3 45 1
a contact +27675 +28431 45 3 1
a contact +27675 +28431 3 45 1
a contact +33672 +34293 45 3 1
a contact +33672 +34293 3 45 1
a contact +39611 +40155 45 3 1
a contact +39611 +40155 3 45 1
a contact +45480 +46084 45 3 1
a contact +45480 +46084 3 45 1
a contact +51335 +52074 45 3 1
a contact +51335 +52074 3 45 1
a contact +57242 +58098 45 3 1
a contact +57242 +58098 3 45 1
a contact +63232 +64141 45 3 1
a contact +63232 +64141 3 45 1
a contact +69311 +70206 45 3 1
a contact +69311 +70206 3 45 1
a contact +75461 +76299 45 3 1
a contact +75461 +76299 3 45 1
a contact +81642 +82435 45 3 1
a contact +81642 +82435 3 45 1
a contact +87799 +88609 45 3 1
a contact +87799 +88609 3 45 1
a contact +93912 +94779 45 3 1
a contact +93912 +94779 3 45 1
a contact +99989 +100893 45 3 1
a contact +99989 +100893 3 45 1
a contact +106042 +106924 45 3 1
a contact +106042 +106924 3 45 1
a contact +112075 +112869 45 3 1
a contact +112075 +112869 3 45 1
a contact +118083 +118743 45 3 1
a contact +118083 +118743 3 45 1
a contact +124043 +124597 45 3 1
a contact +124043 +124597 3 45 1
a contact +129929 +130503 45 3 1
a contact +129929 +130503 3 45 1
a contact +135780 +136479 45 3 1
a contact +135780 +136479 3 45 1
a contact +141667 +142494 45 3 1
a contact +141667 +142494 3 45 1
a contact +147632 +148533 45 3 1
a contact +147632 +148533 3 45 1
a contact +153685 +154591 45 3 1
a contact +153685 +154591 3 45 1
a contact +159817 +160674 45 3 1
a contact +159817 +160674 3 45 1
a contact +165995 +166796 45 3 1
a contact +165995 +166796 3 45 1
a contact +172163 +172962 45 3 1
a contact +172163 +172962 3 45 1
a contact +178289 +179139 45 3 1
a contact +178289 +179139 3 45 1
a contact +184375 +185273 45 3 1
a contact +184375 +185273 3 45 1
a contact +190434 +191330 45 3 1
a contact +190434 +191330 3 45 1
a contact +196473 +197299 45 3 1
a contact +196473 +197299 3 45 1
a contact +202490 +203191 45 3 1
a contact +202490 +203191 3 45 1
a contact +208467 +209043 45 3 1
a contact +208467 +209043 3 45 1
a contact +214375 +214928 45 3 1
a contact +214375 +214928 3 45 1
a contact +220229 +220886 45 3 1
a contact +220229 +220886 3 45 1
a contact +226099 +226893 45 3 1
a contact +226099 +226893 3 45 1
a contact +232039 +232925 45 3 1
a contact +232039 +232925 3 45 1
a contact +238066 +238977 45 3 1
a contact +238066 +238977 3 45 1
a contact +244178 +245052 45 3 1
a contact +244178 +245052 3 45 1
a contact +250347 +251162 45 3 1
a contact +250347 +251162 3 45 1
a contact +256524 +257316 45 3 1
a contact +256524 +257316 3 45 1
a contact +262663 +263495 45 3 1
a contact +262663 +263495 3 45 1
a contact +268759 +269647 45 3 1
a contact +268759 +269647 3 45 1
a contact +274825 +275729 45 3 1
a contact +274825 +275729 3 45 1
a contact +280870 +281723 45 3 1
a contact +280870 +281723 3 45 1
a contact +286894 +287635 45 3 1
a contact +286894 +287635 3 45 1
a contact +292886 +293492 45 3 1
a contact +292886 +293492 3 45 1
a contact +298816 +299360 45 3 1
a contact +298816 +299360 3 45 1
a contact +304679 +305298 45 3 1
a contact +304679 +305298 3 45 1
a contact +310538 +311294 45 3 1
a contact +310538 +311294 3 45 1
a contact +316454 +317320 45 3 1
a contact +316454 +317320 3 45 1
a contact +322455 +323366 45 3 1
a contact +322455 +323366 3 45 1
a contact +328543 +329433 45 3 1
a contact +328543 +329433 3 45 1
a contact +334700 +335531 45 3 1
a contact +334700 +335531 3 45 1
a contact +340881 +341672 45 3 1
a contact +340881 +341672 3 45 1
a contact +347033 +347849 45 3 1
a contact +347033 +347849 3 45 1
a contact +353141 +354014 45 3 1
a contact +353141 +354014 3 45 1
a contact +359214 +360119 45 3 1
a contact +359214 +360119 3 45 1
a contact +365265 +366140 45 3 1
a contact +365265 +366140 3 45 1
a contact +371296 +372074 45 3 1
a contact +371296 +372074 3 45 1
a contact +377299 +377942 45 3 1
a contact +377299 +377942 3 45 1
a contact +383251 +383799 45 3 1
a contact +383251 +383799 3 45 1
a contact +389129 +389715 45 3 1
a contact +389129 +389715 3 45 1
a contact +394981 +395697 45 3 1
a contact +394981 +395697 3 45 1
a contact +400876 +401716 45 3 1
a contact +400876 +401716 3 45 1
a contact +406851 +407756 45 3 1
a contact +406851 +407756 3 45 1
a contact +412915 +413817 45 3 1
a contact +412915 +413817 3 45 1
a contact +419055 +419904 45 3 1
a contact +419055 +419904 3 45 1
a contact +425235 +426032 45 3 1
a contact +425235 +426032 3 45 1
a contact +431399 +432201 45 3 1
a contact +431399 +432201 3 45 1
a contact +437519 +438376 45 3 1
a contact +437519 +438376 3 45 1
a contact +443601 +444503 45 3 1
a contact +443601 +444503 3 45 1
a contact +449658 +450549 45 3 1
a contact +449658 +450549 3 45 1
a contact +455695 +456508 45 3 1
a contact +455695 +456508 3 45 1
a contact +461708 +462391 45 3 1
a contact +461708 +462391 3 45 1
a contact +467678 +468244 45 3 1
a contact +467678 +468244 3 45 1
a contact +473577 +474137 45 3 1
a contact +473577 +474137 3 45 1
a contact +479429 +480103 45 3 1
a contact +479429 +480103 3 45 1
a contact +485306 +486114 45 3 1
a contact +485306 +486114 3 45 1
a contact +491255 +492149 45 3 1
a contact +491255 +492149 3 45 1
a contact +497293 +498203 45 3 1
a contact +497293 +498203 3 45 1
a contact +503414 +504281 45 3 1
a contact +503414 +504281 3 45 1
a contact +509587 +510396 45 3 1
a contact +509587 +510396 3 45 1
a contact +515761 +516555 45 3 1
a contact +515761 +516555 3 45 1
a contact +521895 +522734 45 3 1
a contact +521895 +522734 3 45 1
a contact +527986 +528879 45 3 1
a contact +527986 +528879 3 45 1
a contact +534049 +534951 45 3 1
a contact +534049 +534951 3 45 1
a contact +540092 +540935 45 3 1
a contact +540092 +540935 3 45 1
a contact +546113 +546837 45 3 1
a contact +546113 +546837 3 45 1
a contact +552099 +552692 45 3 1
a contact +552099 +552692 3 45 1
a contact +558020 +558567 45 3 1
a contact +558020 +558567 3 45 1
a contact +563879 +564513 45 3 1
a contact +563879 +564513 3 45 1
a contact +569741 +570513 45 3 1
a contact +569741 +570513 3 45 1
a contact +575667 +576542 45 3 1
a contact +575667 +576542 3 45 1
a contact +581679 +582591 45 3 1
a contact +581679 +582591 3 45 1
a contact +587777 +588661 45 3 1
a contact +587777 +588661 3 45 1
a contact +593940 +594764 45 3 1
a contact +593940 +594764 3 45 1
a contact +600119 +600910 45 3 1
a contact +600119 +600910 3 45 1
a contact +14853 +15345 45 5 1
a contact +14853 +15345 5 45 1
a contact +20619 +21503 45 5 1
a contact +20619 +21503 5 45 1
a contact +26697 +27539 45 5 1
a contact +26697 +27539 5 45 1
a contact +33228 +33341 45 5 1
a contact +33228 +33341 5 45 1
a contact +58257 +58995 45 5 1
a contact +58257 +58995 5 45 1
a contact +64264 +65159 45 5 1
a contact +64264 +65159 5 45 1
a contact +70371 +71032 45 5 1
a contact +70371 +71032 5 45 1
a contact +105054 +105882 45 5 1
a contact +105054 +105882 5 45 1
a contact +111051 +111943 45 5 1
a contact +111051 +111943 5 45 1
a contact +117365 +117891 45 5 1
a contact +117365 +117891 5 45 1
a contact +142689 +143282 45 5 1
a contact +142689 +143282 5 45 1
a contact +148658 +149547 45 5 1
a contact +148658 +149547 5 45 1
a contact +154732 +155510 45 5 1
a contact +154732 +155510 5 45 1
a contact +189517 +190249 45 5 1
a contact +189517 +190249 5 45 1
a contact +195430 +196340 45 5 1
a contact +195430 +196340 5 45 1
a contact +201633 +202334 45 5 1
a contact +201633 +202334 5 45 1
a contact +227169 +227501 45 5 1
a contact +227169 +227501 5 45 1
a contact +233059 +233912 45 5 1
a contact +233059 +233912 5 45 1
a contact +239106 +239956 45 5 1
a contact +239106 +239956 5 45 1
a contact +245309 +245652 45 5 1
a contact +245309 +245652 5 45 1
a contact +274016 +274598 45 5 1
a contact +274016 +274598 5 45 1
a contact +279832 +280729 45 5 1
a contact +279832 +280729 5 45 1
a contact +285945 +286754 45 5 1
a contact +285945 +286754 5 45 1
a contact +317469 +318250 45 5 1
a contact +317469 +318250 5 45 1
a contact +323489 +324377 45 5 1
a contact +323489 +324377 5 45 1
a contact +329615 +330209 45 5 1
a contact +329615 +330209 5 45 1
a contact +358588 +358892 45 5 1
a contact +358588 +358892 5 45 1
a contact +364257 +365112 45 5 1
a contact +364257 +365112 5 45 1
a contact +370288 +371162 45 5 1
a contact +370288 +371162 5 45 1
a contact +376662 +377078 45 5 1
a contact +376662 +377078 5 45 1
a contact +401893 +402555 45 5 1
a contact +401893 +402555 5 45 1
a contact +407880 +408775 45 5 1
a contact +407880 +408775 5 45 1
a contact +413966 +414702 45 5 1
a contact +413966 +414702 5 45 1
a contact +448707 +449485 45 5 1
a contact +448707 +449485 5 45 1
a contact +454656 +455562 45 5 1
a contact +454656 +455562 5 45 1
a contact +460901 +461541 45 5 1
a contact +460901 +461541 5 45 1
a contact +486345 +486810 45 5 1
a contact +486345 +486810 5 45 1
a contact +492278 +493150 45 5 1
a contact +492278 +493150 5 45 1
a contact +498336 +499161 45 5 1
a contact +498336 +499161 5 45 1
a contact +504640 +504731 45 5 1
a contact +504640 +504731 5 45 1
a contact +533190 +533843 45 5 1
a contact +533190 +533843 5 45 1
a contact +539048 +539955 45 5 1
a contact +539048 +539955 5 45 1
a contact +545197 +545968 45 5 1
a contact +545197 +545968 5 45 1
a contact +576684 +577499 45 5 1
a contact +576684 +577499 5 45 1
a contact +582716 +583592 45 5 1
a contact +582716 +583592 5 45 1
a contact +588865 +589376 45 5 1
a contact +588865 +589376 5 45 1
a contact +23502 +24355 45 7 1
a contact +23502 +24355 7 45 1
a contact +29574 +30381 45 7 1
a contact +29574 +30381 7 45 1
a contact +61462 +62100 45 7 1
a contact +61462 +62100 7 45 1
a contact +67415 +68323 45 7 1
a contact +67415 +68323 7 45 1
a contact +73545 +74179 45 7 1
a contact +73545 +74179 7 45 1
a contact +107952 +108723 45 7 1
a contact +107952 +108723 7 45 1
a contact +113924 +114795 45 7 1
a contact +113924 +114795 7 45 1
a contact +120352 +120610 45 7 1
a contact +120352 +120610 7 45 1
a contact +145974 +146305 45 7 1
a contact +145974 +146305 7 45 1
a contact +151814 +152705 45 7 1
a contact +151814 +152705 7 45 1
a contact +157889 +158671 45 7 1
a contact +157889 +158671 7 45 1
a contact +192442 +193067 45 7 1
a contact +192442 +193067 7 45 1
a contact +198303 +199196 45 7 1
a contact +198303 +199196 7 45 1
a contact +204537 +205141 45 7 1
a contact +204537 +205141 7 45 1
a contact +236228 +237056 45 7 1
a contact +236228 +237056 7 45 1
a contact +242257 +243122 45 7 1
a contact +242257 +243122 7 45 1
a contact +277011 +277351 45 7 1
a contact +277011 +277351 7 45 1
a contact +282711 +283584 45 7 1
a contact +282711 +283584 7 45 1
a contact +288826 +289590 45 7 1
a contact +288826 +289590 7 45 1
a contact +320660 +321371 45 7 1
a contact +320660 +321371 7 45 1
a contact +326639 +327543 45 7 1
a contact +326639 +327543 7 45 1
a contact +332802 +333343 45 7 1
a contact +332802 +333343 7 45 1
a contact +367147 +367958 45 7 1
a contact +367147 +367958 7 45 1
a contact +373161 +374012 45 7 1
a contact +373161 +374012 7 45 1
a contact +405132 +405625 45 7 1
a contact +405132 +405625 7 45 1
a contact +411033 +411936 45 7 1
a contact +411033 +411936 7 45 1
a contact +417129 +417859 45 7 1
a contact +417129 +417859 7 45 1
a contact +451619 +452314 45 7 1
a contact +451619 +452314 7 45 1
a contact +457529 +458417 45 7 1
a contact +457529 +458417 7 45 1
a contact +463824 +464326 45 7 1
a contact +463824 +464326 7 45 1
a contact +495441 +496301 45 7 1
a contact +495441 +496301 7 45 1
a contact +501488 +502326 45 7 1
a contact +501488 +502326 7 45 1
a contact +536146 +536633 45 7 1
a contact +536146 +536633 7 45 1
a contact +541925 +542811 45 7 1
a contact +541925 +542811 7 45 1
a contact +548085 +548795 45 7 1
a contact +548085 +548795 7 45 1
a contact +579864 +580632 45 7 1
a contact +579864 +580632 7 45 1
a contact +585865 +586758 45 7 1
a contact +585865 +586758 7 45 1
a contact +592073 +592489 45 7 1
a contact +592073 +592489 7 45 1
a contact +5099 +5771 45 9 1
a contact +5099 +5771 9 45 1
a contact +37879 +38374 45 9 1
a contact +37879 +38374 9 45 1
a contact +43721 +44625 45 9 1
a contact +43721 +44625 9 45 1
a contact +50067 +50283 45 9 1
a contact +50067 +50283 9 45 1
a contact +83422 +84178 45 9 1
a contact +83422 +84178 9 45 1
a contact +89416 +90235 45 9 1
a contact +89416 +90235 9 45 1
a contact +128125 +129014 45 9 1
a contact +128125 +129014 9 45 1
a contact +134261 +134911 45 9 1
a contact +134261 +134911 9 45 1
a contact +167938 +168477 45 9 1
a contact +167938 +168477 9 45 1
a contact +173780 +174660 45 9 1
a contact +173780 +174660 9 45 1
a contact +212559 +213367 45 9 1
a contact +212559 +213367 9 45 1
a contact +218584 +219400 45 9 1
a contact +218584 +219400 9 45 1
a contact +258180 +259055 45 9 1
a contact +258180 +259055 9 45 1
a contact +264375 +264945 45 9 1
a contact +264375 +264945 9 45 1
a contact +297039 +297666 45 9 1
a contact +297039 +297666 9 45 1
a contact +302948 +303840 45 9 1
a contact +302948 +303840 9 45 1
a contact +342615 +343422 45 9 1
a contact +342615 +343422 9 45 1
a contact +348663 +349435 45 9 1
a contact +348663 +349435 9 45 1
a contact +387341 +388243 45 9 1
a contact +387341 +388243 9 45 1
a contact +393536 +394069 45 9 1
a contact +393536 +394069 9 45 1
a contact +427100 +427749 45 9 1
a contact +427100 +427749 9 45 1
a contact +433010 +433874 45 9 1
a contact +433010 +433874 9 45 1
a contact +471761 +472612 45 9 1
a contact +471761 +472612 9 45 1
a contact +477830 +478591 45 9 1
a contact +477830 +478591 9 45 1
a contact +511707 +511962 45 9 1
a contact +511707 +511962 9 45 1
a contact +517396 +518281 45 9 1
a contact +517396 +518281 9 45 1
a contact +523679 +524094 45 9 1
a contact +523679 +524094 9 45 1
a contact +556218 +556937 45 9 1
a contact +556218 +556937 9 45 1
a contact +562179 +563048 45 9 1
a contact +562179 +563048 9 45 1
a contact +601816 +602660 45 9 1
a contact +601816 +602660 9 45 1
a contact +28436 +29067 45 11 1
a contact +28436 +29067 11 45 1
a contact +34379 +35266 45 11 1
a contact +34379 +35266 11 45 1
a contact +40587 +41025 45 11 1
a contact +40587 +41025 11 45 1
a contact +74664 +75478 45 11 1
a contact +74664 +75478 11 45 1
a contact +80672 +81530 45 11 1
a contact +80672 +81530 11 45 1
a contact +112981 +113254 45 11 1
a contact +112981 +113254 11 45 1
a contact +118776 +119657 45 11 1
a contact +118776 +119657 11 45 1
a contact +124884 +125569 45 11 1
a contact +124884 +125569 11 45 1
a contact +159148 +159821 45 11 1
a contact +159148 +159821 11 45 1
a contact +165038 +165941 45 11 1
a contact +165038 +165941 11 45 1
a contact +171380 +171787 45 11 1
a contact +171380 +171787 11 45 1
a contact +203191 +204017 45 11 1
a contact +203191 +204017 11 45 1
a contact +209233 +210045 45 11 1
a contact +209233 +210045 11 45 1
a contact +243708 +244106 45 11 1
a contact +243708 +244106 11 45 1
a contact +249435 +250335 45 11 1
a contact +249435 +250335 11 45 1
a contact +255608 +256295 45 11 1
a contact +255608 +256295 11 45 1
a contact +287629 +288337 45 11 1
a contact +287629 +288337 11 45 1
a contact +293605 +294481 45 11 1
a contact +293605 +294481 11 45 1
a contact +299902 +300128 45 11 1
a contact +299902 +300128 11 45 1
a contact +333863 +334713 45 11 1
a contact +333863 +334713 11 45 1
a contact +339917 +340741 45 11 1
a contact +339917 +340741 11 45 1
a contact +372118 +372588 45 11 1
a contact +372118 +372588 11 45 1
a contact +377996 +378885 45 11 1
a contact +377996 +378885 11 45 1
a contact +384137 +384742 45 11 1
a contact +384137 +384742 11 45 1
a contact +418328 +419069 45 11 1
a contact +418328 +419069 11 45 1
a contact +424268 +425159 45 11 1
a contact +424268 +425159 11 45 1
a contact +430777 +430864 45 11 1
a contact +430777 +430864 11 45 1
a contact +462403 +463258 45 11 1
a contact +462403 +463258 11 45 1
a contact +468470 +469239 45 11 1
a contact +468470 +469239 11 45 1
a contact +502847 +503387 45 11 1
a contact +502847 +503387 11 45 1
a contact +508653 +509560 45 11 1
a contact +508653 +509560 11 45 1
a contact +514884 +515483 45 11 1
a contact +514884 +515483 11 45 1
a contact +546830 +547596 45 11 1
a contact +546830 +547596 11 45 1
a contact +552835 +553690 45 11 1
a contact +552835 +553690 11 45 1
a contact +593068 +593945 45 11 1
a contact +593068 +593945 11 45 1
a contact +599168 +599946 45 11 1
a contact +599168 +599946 11 45 1
