a contact +0 +604800 2 1 1
a contact +0 +604800 1 2 1
a contact +0 +604800 44 45 1
a contact +0 +604800 45 44 1
a contact +0 +604800 45 46 1
a contact +0 +604800 46 45 1
a contact +0 +604800 46 47 1
a contact +0 +604800 47 46 1
a contact +0 +604800 47 48 1
a contact +0 +604800 48 47 1
a contact +0 +604800 48 49 1
a contact +0 +604800 49 48 1
a contact +0 +604800 49 50 1
a contact +0 +604800 50 49 1
a contact +0 +604800 50 51 1
a contact +0 +604800 51 50 1
a contact +0 +604800 51 52 1
a contact +0 +604800 52 51 1
a contact +0 +604800 52 53 1
a contact +0 +604800 53 52 1
a contact +4069 +4733 44 2 1
a contact +4069 +4733 2 44 1
a contact +10158 +10895 44 2 1
a contact +10158 +10895 2 44 1
a contact +16221 +16983 44 2 1
a contact +16221 +16983 2 44 1
a contact +22270 +22976 44 2 1
a contact +22270 +22976 2 44 1
a contact +28310 +28875 44 2 1
a contact +28310 +28875 2 44 1
a contact +34334 +34702 44 2 1
a contact +34334 +34702 2 44 1
a contact +40298 +40538 44 2 1
a contact +40298 +40538 2 44 1
a contact +46130 +46505 44 2 1
a contact +46130 +46505 2 44 1
a contact +51956 +52530 44 2 1
a contact +51956 +52530 2 44 1
a contact +57856 +58570 44 2 1
a contact +57856 +58570 2 44 1
a contact +63851 +64619 44 2 1
a contact +63851 +64619 2 44 1
a contact +69940 +70682 44 2 1
a contact +69940 +70682 2 44 1
a contact +76104 +76770 44 2 1
a contact +76104 +76770 2 44 1
a contact +82292 +82903 44 2 1
a contact +82292 +82903 2 44 1
a contact +88442 +89083 44 2 1
a contact +88442 +89083 2 44 1
a contact +94541 +95259 44 2 1
a contact +94541 +95259 2 44 1
a contact +100610 +101373 44 2 1
a contact +100610 +101373 2 44 1
a contact +106663 +107394 44 2 1
a contact +106663 +107394 2 44 1
a contact +112705 +113320 44 2 1
a contact +112705 +113320 2 44 1
a contact +118736 +119163 44 2 1
a contact +118736 +119163 2 44 1
a contact +124728 +124981 44 2 1
a contact +124728 +124981 2 44 1
a contact +130592 +130910 44 2 1
a contact +130592 +130910 2 44 1
a contact +136407 +136926 44 2 1
a contact +136407 +136926 2 44 1
a contact +142282 +142963 44 2 1
a contact +142282 +142963 2 44 1
a contact +148248 +149009 44 2 1
a contact +148248 +149009 2 44 1
a contact +154311 +155067 44 2 1
a contact +154311 +155067 2 44 1
a contact +160457 +161146 44 2 1
a contact +160457 +161146 2 44 1
a contact +166645 +167265 44 2 1
a contact +166645 +167265 2 44 1
a contact +172809 +173434 44 2 1
a contact +172809 +173434 2 44 1
a contact +178922 +179618 44 2 1
a contact +178922 +179618 2 44 1
a contact +184998 +185754 44 2 1
a contact +184998 +185754 2 44 1
a contact +191054 +191804 44 2 1
a contact +191054 +191804 2 44 1
a contact +197100 +197757 44 2 1
a contact +197100 +197757 2 44 1
a contact +203135 +203622 44 2 1
a contact +203135 +203622 2 44 1
a contact +209145 +209436 44 2 1
a contact +209145 +209436 2 44 1
a contact +215051 +215322 44 2 1
a contact +215051 +215322 2 44 1
a contact +220864 +221324 44 2 1
a contact +220864 +221324 2 44 1
a contact +226716 +227357 44 2 1
a contact +226716 +227357 2 44 1
a contact +232654 +233401 44 2 1
a contact +232654 +233401 2 44 1
a contact +238689 +239455 44 2 1
a contact +238689 +239455 2 44 1
a contact +244813 +245526 44 2 1
a contact +244813 +245526 2 44 1
a contact +250995 +251631 44 2 1
a contact +250995 +251631 2 44 1
a contact +257172 +257786 44 2 1
a contact +257172 +257786 2 44 1
a contact +263300 +263973 44 2 1
a contact +263300 +263973 2 44 1
a contact +269384 +270128 44 2 1
a contact +269384 +270128 2 44 1
a contact +275445 +276205 44 2 1
a contact +275445 +276205 2 44 1
a contact +281493 +282187 44 2 1
a contact +281493 +282187 2 44 1
a contact +287532 +288075 44 2 1
a contact +287532 +288075 2 44 1
a contact +293553 +293897 44 2 1
a contact +293553 +293897 2 44 1
a contact +299501 +299745 44 2 1
a contact +299501 +299745 2 44 1
a contact +305325 +305724 44 2 1
a contact +305325 +305724 2 44 1
a contact +311158 +311752 44 2 1
a contact +311158 +311752 2 44 1
a contact +317068 +317793 44 2 1
a contact +317068 +317793 2 44 1
a contact +323075 +323844 44 2 1
a contact +323075 +323844 2 44 1
a contact +329175 +329909 44 2 1
a contact +329175 +329909 2 44 1
a contact +335345 +336001 44 2 1
a contact +335345 +336001 2 44 1
a contact +341531 +342141 44 2 1
a contact +341531 +342141 2 44 1
a contact +347674 +348324 44 2 1
a contact +347674 +348324 2 44 1
a contact +353769 +354495 44 2 1
a contact +353769 +354495 2 44 1
a contact +359835 +360598 44 2 1
a contact +359835 +360598 2 44 1
a contact +365886 +366608 44 2 1
a contact +365886 +366608 2 44 1
a contact +371928 +372523 44 2 1
a contact +371928 +372523 2 44 1
a contact +377956 +378359 44 2 1
a contact +377956 +378359 2 44 1
a contact +383937 +384182 44 2 1
a contact +383937 +384182 2 44 1
a contact +389787 +390127 44 2 1
a contact +389787 +390127 2 44 1
a contact +395606 +396148 44 2 1
a contact +395606 +396148 2 44 1
a contact +401491 +402186 44 2 1
a contact +401491 +402186 2 44 1
a contact +407469 +408233 44 2 1
a contact +407469 +408233 2 44 1
a contact +413542 +414294 44 2 1
a contact +413542 +414294 2 44 1
a contact +419696 +420376 44 2 1
a contact +419696 +420376 2 44 1
a contact +425885 +426500 44 2 1
a contact +425885 +426500 2 44 1
a contact +432044 +432675 44 2 1
a contact +432044 +432675 2 44 1
a contact +438151 +438856 44 2 1
a contact +438151 +438856 2 44 1
a contact +444224 +444983 44 2 1
a contact +444224 +444983 2 44 1
a contact +450278 +451021 44 2 1
a contact +450278 +451021 2 44 1
a contact +456322 +456963 44 2 1
a contact +456322 +456963 2 44 1
a contact +462356 +462819 44 2 1
a contact +462356 +462819 2 44 1
a contact +468359 +468633 44 2 1
a contact +468359 +468633 2 44 1
a contact +474248 +474536 44 2 1
a contact +474248 +474536 2 44 1
a contact +480060 +480545 44 2 1
a contact +480060 +480545 2 44 1
a contact +485921 +486580 44 2 1
a contact +485921 +486580 2 44 1
a contact +491871 +492624 44 2 1
a contact +491871 +492624 2 44 1
a contact +497917 +498680 44 2 1
a contact +497917 +498680 2 44 1
a contact +504051 +504755 44 2 1
a contact +504051 +504755 2 44 1
a contact +510236 +510864 44 2 1
a contact +510236 +510864 2 44 1
a contact +516409 +517026 44 2 1
a contact +516409 +517026 2 44 1
a contact +522530 +523212 44 2 1
a contact +522530 +523212 2 44 1
a contact +528611 +529360 44 2 1
a contact +528611 +529360 2 44 1
a contact +534670 +535426 44 2 1
a contact +534670 +535426 2 44 1
a contact +540716 +541396 44 2 1
a contact +540716 +541396 2 44 1
a contact +546753 +547274 44 2 1
a contact +546753 +547274 2 44 1
a contact +552771 +553092 44 2 1
a contact +552771 +553092 2 44 1
a contact +558702 +558954 44 2 1
a contact +558702 +558954 2 44 1
a contact +564520 +564944 44 2 1
a contact +564520 +564944 2 44 1
a contact +570360 +570974 44 2 1
a contact +570360 +570974 2 44 1
a contact +576282 +577016 44 2 1
a contact +576282 +577016 2 44 1
a contact +582300 +583068 44 2 1
a contact +582300 +583068 2 44 1
a contact +588410 +589136 44 2 1
a contact +588410 +589136 2 44 1
a contact +594586 +595233 44 2 1
a contact +594586 +595233 2 44 1
a contact +600769 +601379 44 2 1
a contact +600769 +601379 2 44 1
a contact +3516 +4172 45 2 1
a contact +3516 +4172 2 45 1
a contact +9607 +10339 45 2 1
a contact +9607 +10339 2 45 1
a contact +15672 +16435 45 2 1
a contact +15672 +16435 2 45 1
a contact +21722 +22437 45 2 1
a contact +21722 +22437 2 45 1
a contact +27763 +28344 45 2 1
a contact +27763 +28344 2 45 1
a contact +33790 +34176 45 2 1
a contact +33790 +34176 2 45 1
a contact +39763 +40004 45 2 1
a contact +39763 +40004 2 45 1
a contact +45604 +45960 45 2 1
a contact +45604 +45960 2 45 1
a contact +51426 +51983 45 2 1
a contact +51426 +51983 2 45 1
a contact +57318 +58022 45 2 1
a contact +57318 +58022 2 45 1
a contact +63304 +64070 45 2 1
a contact +63304 +64070 2 45 1
a contact +69385 +70132 45 2 1
a contact +69385 +70132 2 45 1
a contact +75544 +76217 45 2 1
a contact +75544 +76217 2 45 1
a contact +81732 +82345 45 2 1
a contact +81732 +82345 2 45 1
a contact +87887 +88523 45 2 1
a contact +87887 +88523 2 45 1
a contact +93990 +94702 45 2 1
a contact +93990 +94702 2 45 1
a contact +100061 +100822 45 2 1
a contact +100061 +100822 2 45 1
a contact +106115 +106853 45 2 1
a contact +106115 +106853 2 45 1
a contact +112158 +112787 45 2 1
a contact +112158 +112787 2 45 1
a contact +118190 +118636 45 2 1
a contact +118190 +118636 2 45 1
a contact +124189 +124451 45 2 1
a contact +124189 +124451 2 45 1
a contact +130066 +130367 45 2 1
a contact +130066 +130367 2 45 1
a contact +135879 +136380 45 2 1
a contact +135879 +136380 2 45 1
a contact +141746 +142416 45 2 1
a contact +141746 +142416 2 45 1
a contact +147704 +148461 45 2 1
a contact +147704 +148461 2 45 1
a contact +153758 +154518 45 2 1
a contact +153758 +154518 2 45 1
a contact +159897 +160594 45 2 1
a contact +159897 +160594 2 45 1
a contact +166084 +166708 45 2 1
a contact +166084 +166708 2 45 1
a contact +172253 +172873 45 2 1
a contact +172253 +172873 2 45 1
a contact +178370 +179059 45 2 1
a contact +178370 +179059 2 45 1
a contact +184448 +185201 45 2 1
a contact +184448 +185201 2 45 1
a contact +190506 +191260 45 2 1
a contact +190506 +191260 2 45 1
a contact +196552 +197222 45 2 1
a contact +196552 +197222 2 45 1
a contact +202588 +203093 45 2 1
a contact +202588 +203093 2 45 1
a contact +208602 +208909 45 2 1
a contact +208602 +208909 2 45 1
a contact +214522 +214782 45 2 1
a contact +214522 +214782 2 45 1
a contact +220337 +220778 45 2 1
a contact +220337 +220778 2 45 1
a contact +226183 +226810 45 2 1
a contact +226183 +226810 2 45 1
a contact +232112 +232853 45 2 1
a contact +232112 +232853 2 45 1
a contact +238138 +238906 45 2 1
a contact +238138 +238906 2 45 1
a contact +244255 +244975 45 2 1
a contact +244255 +244975 2 45 1
a contact +250434 +251076 45 2 1
a contact +250434 +251076 2 45 1
a contact +256614 +257226 45 2 1
a contact +256614 +257226 2 45 1
a contact +262747 +263412 45 2 1
a contact +262747 +263412 2 45 1
a contact +268834 +269573 45 2 1
a contact +268834 +269573 2 45 1
a contact +274897 +275658 45 2 1
a contact +274897 +275658 2 45 1
a contact +280946 +281649 45 2 1
a contact +280946 +281649 2 45 1
a contact +286985 +287545 45 2 1
a contact +286985 +287545 2 45 1
a contact +293009 +293370 45 2 1
a contact +293009 +293370 2 45 1
a contact +298968 +299209 45 2 1
a contact +298968 +299209 2 45 1
a contact +304798 +305179 45 2 1
a contact +304798 +305179 2 45 1
a contact +310626 +311205 45 2 1
a contact +310626 +311205 2 45 1
a contact +316529 +317245 45 2 1
a contact +316529 +317245 2 45 1
a contact +322526 +323295 45 2 1
a contact +322526 +323295 2 45 1
a contact +328619 +329358 45 2 1
a contact +328619 +329358 2 45 1
a contact +334784 +335448 45 2 1
a contact +334784 +335448 2 45 1
a contact +340971 +341582 45 2 1
a contact +340971 +341582 2 45 1
a contact +347119 +347763 45 2 1
a contact +347119 +347763 2 45 1
a contact +353218 +353938 45 2 1
a contact +353218 +353938 2 45 1
a contact +359286 +360049 45 2 1
a contact +359286 +360049 2 45 1
a contact +365338 +366068 45 2 1
a contact +365338 +366068 2 45 1
a contact +371381 +371991 45 2 1
a contact +371381 +371991 2 45 1
a contact +377411 +377832 45 2 1
a contact +377411 +377832 2 45 1
a contact +383400 +383651 45 2 1
a contact +383400 +383651 2 45 1
a contact +389261 +389584 45 2 1
a contact +389261 +389584 2 45 1
a contact +395077 +395601 45 2 1
a contact +395077 +395601 2 45 1
a contact +400954 +401638 45 2 1
a contact +400954 +401638 2 45 1
a contact +406923 +407685 45 2 1
a contact +406923 +407685 2 45 1
a contact +412988 +413744 45 2 1
a contact +412988 +413744 2 45 1
a contact +419137 +419824 45 2 1
a contact +419137 +419824 2 45 1
a contact +425324 +425943 45 2 1
a contact +425324 +425943 2 45 1
a contact +431488 +432114 45 2 1
a contact +431488 +432114 2 45 1
a contact +437599 +438298 45 2 1
a contact +437599 +438298 2 45 1
a contact +443674 +444431 45 2 1
a contact +443674 +444431 2 45 1
a contact +449730 +450478 45 2 1
a contact +449730 +450478 2 45 1
a contact +455775 +456429 45 2 1
a contact +455775 +456429 2 45 1
a contact +461810 +462291 45 2 1
a contact +461810 +462291 2 45 1
a contact +467818 +468105 45 2 1
a contact +467818 +468105 2 45 1
a contact +473720 +473995 45 2 1
a contact +473720 +473995 2 45 1
a contact +479533 +479999 45 2 1
a contact +479533 +479999 2 45 1
a contact +485387 +486032 45 2 1
a contact +485387 +486032 2 45 1
a contact +491328 +492076 45 2 1
a contact +491328 +492076 2 45 1
a contact +497366 +498131 45 2 1
a contact +497366 +498131 2 45 1
a contact +503492 +504203 45 2 1
a contact +503492 +504203 2 45 1
a contact +509675 +510309 45 2 1
a contact +509675 +510309 2 45 1
a contact +515851 +516466 45 2 1
a contact +515851 +516466 2 45 1
a contact +521977 +522652 45 2 1
a contact +521977 +522652 2 45 1
a contact +528061 +528806 45 2 1
a contact +528061 +528806 2 45 1
a contact +534121 +534880 45 2 1
a contact +534121 +534880 2 45 1
a contact +540169 +540859 45 2 1
a contact +540169 +540859 2 45 1
a contact +546207 +546745 45 2 1
a contact +546207 +546745 2 45 1
a contact +552227 +552565 45 2 1
a contact +552227 +552565 2 45 1
a contact +558171 +558416 45 2 1
a contact +558171 +558416 2 45 1
a contact +563993 +564399 45 2 1
a contact +563993 +564399 2 45 1
a contact +569828 +570427 45 2 1
a contact +569828 +570427 2 45 1
a contact +575741 +576469 45 2 1
a contact +575741 +576469 2 45 1
a contact +581750 +582519 45 2 1
a contact +581750 +582519 2 45 1
a contact +587853 +588585 45 2 1
a contact +587853 +588585 2 45 1
a contact +594025 +594679 45 2 1
a contact +594025 +594679 2 45 1
a contact +600210 +600820 45 2 1
a contact +600210 +600820 2 45 1
a contact +2961 +3610 46 2 1
a contact +2961 +3610 2 46 1
a contact +9056 +9782 46 2 1
a contact +9056 +9782 2 46 1
a contact +15122 +15886 46 2 1
a contact +15122 +15886 2 46 1
a contact +21174 +21897 46 2 1
a contact +21174 +21897 2 46 1
a contact +27215 +27812 46 2 1
a contact +27215 +27812 2 46 1
a contact +33244 +33648 46 2 1
a contact +33244 +33648 2 46 1
a contact +39226 +39471 46 2 1
a contact +39226 +39471 2 46 1
a contact +45077 +45415 46 2 1
a contact +45077 +45415 2 46 1
a contact +50895 +51436 46 2 1
a contact +50895 +51436 2 46 1
a contact +56779 +57473 46 2 1
a contact +56779 +57473 2 46 1
a contact +62756 +63521 46 2 1
a contact +62756 +63521 2 46 1
a contact +68829 +69581 46 2 1
a contact +68829 +69581 2 46 1
a contact +74983 +75663 46 2 1
a contact +74983 +75663 2 46 1
a contact +81171 +81787 46 2 1
a contact +81171 +81787 2 46 1
a contact +87330 +87961 46 2 1
a contact +87330 +87961 2 46 1
a contact +93438 +94143 46 2 1
a contact +93438 +94143 2 46 1
a contact +99511 +100270 46 2 1
a contact +99511 +100270 2 46 1
a contact +105566 +106309 46 2 1
a contact +105566 +106309 2 46 1
a contact +111610 +112252 46 2 1
a contact +111610 +112252 2 46 1
a contact +117643 +118108 46 2 1
a contact +117643 +118108 2 46 1
a contact +123648 +123922 46 2 1
a contact +123648 +123922 2 46 1
a contact +129537 +129824 46 2 1
a contact +129537 +129824 2 46 1
a contact +135350 +135833 46 2 1
a contact +135350 +135833 2 46 1
a contact +141210 +141867 46 2 1
a contact +141210 +141867 2 46 1
a contact +147159 +147912 46 2 1
a contact +147159 +147912 2 46 1
a contact +153204 +153968 46 2 1
a contact +153204 +153968 2 46 1
a contact +159337 +160042 46 2 1
a contact +159337 +160042 2 46 1
a contact +165522 +166151 46 2 1
a contact +165522 +166151 2 46 1
a contact +171695 +172312 46 2 1
a contact +171695 +172312 2 46 1
a contact +177817 +178499 46 2 1
a contact +177817 +178499 2 46 1
a contact +183898 +184647 46 2 1
a contact +183898 +184647 2 46 1
a contact +189957 +190714 46 2 1
a contact +189957 +190714 2 46 1
a contact +196004 +196685 46 2 1
a contact +196004 +196685 2 46 1
a contact +202041 +202564 46 2 1
a contact +202041 +202564 2 46 1
a contact +208059 +208381 46 2 1
a contact +208059 +208381 2 46 1
a contact +213992 +214242 46 2 1
a contact +213992 +214242 2 46 1
a contact +219809 +220232 46 2 1
a contact +219809 +220232 2 46 1
a contact +225649 +226262 46 2 1
a contact +225649 +226262 2 46 1
a contact +231570 +232304 46 2 1
a contact +231570 +232304 2 46 1
a contact +237587 +238356 46 2 1
a contact +237587 +238356 2 46 1
a contact +243697 +244423 46 2 1
a contact +243697 +244423 2 46 1
a contact +249872 +250520 46 2 1
a contact +249872 +250520 2 46 1
a contact +256055 +256666 46 2 1
a contact +256055 +256666 2 46 1
a contact +262192 +262851 46 2 1
a contact +262192 +262851 2 46 1
a contact +268283 +269017 46 2 1
a contact +268283 +269017 2 46 1
a contact +274347 +275110 46 2 1
a contact +274347 +275110 2 46 1
a contact +280397 +281109 46 2 1
a contact +280397 +281109 2 46 1
a contact +286437 +287014 46 2 1
a contact +286437 +287014 2 46 1
a contact +292463 +292843 46 2 1
a contact +292463 +292843 2 46 1
a contact +298433 +298674 46 2 1
a contact +298433 +298674 2 46 1
a contact +304271 +304634 46 2 1
a contact +304271 +304634 2 46 1
a contact +310095 +310657 46 2 1
a contact +310095 +310657 2 46 1
a contact +315989 +316697 46 2 1
a contact +315989 +316697 2 46 1
a contact +321978 +322745 46 2 1
a contact +321978 +322745 2 46 1
a contact +328062 +328807 46 2 1
a contact +328062 +328807 2 46 1
a contact +334223 +334893 46 2 1
a contact +334223 +334893 2 46 1
a contact +340411 +341023 46 2 1
a contact +340411 +341023 2 46 1
a contact +346564 +347202 46 2 1
a contact +346564 +347202 2 46 1
a contact +352666 +353380 46 2 1
a contact +352666 +353380 2 46 1
a contact +358736 +359498 46 2 1
a contact +358736 +359498 2 46 1
a contact +364790 +365525 46 2 1
a contact +364790 +365525 2 46 1
a contact +370833 +371457 46 2 1
a contact +370833 +371457 2 46 1
a contact +376864 +377304 46 2 1
a contact +376864 +377304 2 46 1
a contact +382861 +383120 46 2 1
a contact +382861 +383120 2 46 1
a contact +388733 +389040 46 2 1
a contact +388733 +389040 2 46 1
a contact +394547 +395054 46 2 1
a contact +394547 +395054 2 46 1
a contact +400417 +401090 46 2 1
a contact +400417 +401090 2 46 1
a contact +406377 +407136 46 2 1
a contact +406377 +407136 2 46 1
a contact +412434 +413193 46 2 1
a contact +412434 +413193 2 46 1
a contact +418576 +419270 46 2 1
a contact +418576 +419270 2 46 1
a contact +424763 +425386 46 2 1
a contact +424763 +425386 2 46 1
a contact +430931 +431552 46 2 1
a contact +430931 +431552 2 46 1
a contact +437046 +437738 46 2 1
a contact +437046 +437738 2 46 1
a contact +443124 +443878 46 2 1
a contact +443124 +443878 2 46 1
a contact +449181 +449933 46 2 1
a contact +449181 +449933 2 46 1
a contact +455227 +455892 46 2 1
a contact +455227 +455892 2 46 1
a contact +461263 +461762 46 2 1
a contact +461263 +461762 2 46 1
a contact +467275 +467577 46 2 1
a contact +467275 +467577 2 46 1
a contact +473191 +473454 46 2 1
a contact +473191 +473454 2 46 1
a contact +479005 +479452 46 2 1
a contact +479005 +479452 2 46 1
a contact +484852 +485484 46 2 1
a contact +484852 +485484 2 46 1
a contact +490785 +491527 46 2 1
a contact +490785 +491527 2 46 1
a contact +496814 +497581 46 2 1
a contact +496814 +497581 2 46 1
a contact +502933 +503651 46 2 1
a contact +502933 +503651 2 46 1
a contact +509113 +509753 46 2 1
a contact +509113 +509753 2 46 1
a contact +515293 +515905 46 2 1
a contact +515293 +515905 2 46 1
a contact +521423 +522091 46 2 1
a contact +521423 +522091 2 46 1
a contact +527510 +528250 46 2 1
a contact +527510 +528250 2 46 1
a contact +533572 +534333 46 2 1
a contact +533572 +534333 2 46 1
a contact +539620 +540320 46 2 1
a contact +539620 +540320 2 46 1
a contact +545659 +546214 46 2 1
a contact +545659 +546214 2 46 1
a contact +551682 +552038 46 2 1
a contact +551682 +552038 2 46 1
a contact +557638 +557879 46 2 1
a contact +557638 +557879 2 46 1
a contact +563466 +563853 46 2 1
a contact +563466 +563853 2 46 1
a contact +569295 +569880 46 2 1
a contact +569295 +569880 2 46 1
a contact +575201 +575920 46 2 1
a contact +575201 +575920 2 46 1
a contact +581201 +581970 46 2 1
a contact +581201 +581970 2 46 1
a contact +587296 +588034 46 2 1
a contact +587296 +588034 2 46 1
a contact +593463 +594124 46 2 1
a contact +593463 +594124 2 46 1
a contact +599650 +600261 46 2 1
a contact +599650 +600261 2 46 1
a contact +2404 +3047 47 2 1
a contact +2404 +3047 2 47 1
a contact +8503 +9223 47 2 1
a contact +8503 +9223 2 47 1
a contact +14571 +15334 47 2 1
a contact +14571 +15334 2 47 1
a contact +20624 +21354 47 2 1
a contact +20624 +21354 2 47 1
a contact +26666 +27278 47 2 1
a contact +26666 +27278 2 47 1
a contact +32696 +33120 47 2 1
a contact +32696 +33120 2 47 1
a contact +38687 +38938 47 2 1
a contact +38687 +38938 2 47 1
a contact +44548 +44870 47 2 1
a contact +44548 +44870 2 47 1
a contact +50364 +50887 47 2 1
a contact +50364 +50887 2 47 1
a contact +56241 +56924 47 2 1
a contact +56241 +56924 2 47 1
a contact +62209 +62970 47 2 1
a contact +62209 +62970 2 47 1
a contact +68273 +69029 47 2 1
a contact +68273 +69029 2 47 1
a contact +74421 +75109 47 2 1
a contact +74421 +75109 2 47 1
a contact +80608 +81228 47 2 1
a contact +80608 +81228 2 47 1
a contact +86772 +87398 47 2 1
a contact +86772 +87398 2 47 1
a contact +92884 +93582 47 2 1
a contact +92884 +93582 2 47 1
a contact +98959 +99716 47 2 1
a contact +98959 +99716 2 47 1
a contact +105016 +105764 47 2 1
a contact +105016 +105764 2 47 1
a contact +111061 +111715 47 2 1
a contact +111061 +111715 2 47 1
a contact +117095 +117578 47 2 1
a contact +117095 +117578 2 47 1
a contact +123104 +123392 47 2 1
a contact +123104 +123392 2 47 1
a contact +129008 +129281 47 2 1
a contact +129008 +129281 2 47 1
a contact +134820 +135285 47 2 1
a contact +134820 +135285 2 47 1
a contact +140674 +141318 47 2 1
a contact +140674 +141318 2 47 1
a contact +146614 +147362 47 2 1
a contact +146614 +147362 2 47 1
a contact +152651 +153416 47 2 1
a contact +152651 +153416 2 47 1
a contact +158777 +159488 47 2 1
a contact +158777 +159488 2 47 1
a contact +164959 +165593 47 2 1
a contact +164959 +165593 2 47 1
a contact +171136 +171750 47 2 1
a contact +171136 +171750 2 47 1
a contact +177262 +177936 47 2 1
a contact +177262 +177936 2 47 1
a contact +183346 +184091 47 2 1
a contact +183346 +184091 2 47 1
a contact +189406 +190166 47 2 1
a contact +189406 +190166 2 47 1
a contact +195454 +196146 47 2 1
a contact +195454 +196146 2 47 1
a contact +201492 +202032 47 2 1
a contact +201492 +202032 2 47 1
a contact +207513 +207853 47 2 1
a contact +207513 +207853 2 47 1
a contact +213459 +213703 47 2 1
a contact +213459 +213703 2 47 1
a contact +219281 +219685 47 2 1
a contact +219281 +219685 2 47 1
a contact +225115 +225713 47 2 1
a contact +225115 +225713 2 47 1
a contact +231027 +231754 47 2 1
a contact +231027 +231754 2 47 1
a contact +237036 +237805 47 2 1
a contact +237036 +237805 2 47 1
a contact +243138 +243870 47 2 1
a contact +243138 +243870 2 47 1
a contact +249309 +249964 47 2 1
a contact +249309 +249964 2 47 1
a contact +255494 +256105 47 2 1
a contact +255494 +256105 2 47 1
a contact +261636 +262288 47 2 1
a contact +261636 +262288 2 47 1
a contact +267730 +268458 47 2 1
a contact +267730 +268458 2 47 1
a contact +273796 +274559 47 2 1
a contact +273796 +274559 2 47 1
a contact +279847 +280568 47 2 1
a contact +279847 +280568 2 47 1
a contact +285888 +286480 47 2 1
a contact +285888 +286480 2 47 1
a contact +291916 +292315 47 2 1
a contact +291916 +292315 2 47 1
a contact +297896 +298139 47 2 1
a contact +297896 +298139 2 47 1
a contact +303743 +304088 47 2 1
a contact +303743 +304088 2 47 1
a contact +309563 +310109 47 2 1
a contact +309563 +310109 2 47 1
a contact +315449 +316147 47 2 1
a contact +315449 +316147 2 47 1
a contact +321429 +322195 47 2 1
a contact +321429 +322195 2 47 1
a contact +327505 +328255 47 2 1
a contact +327505 +328255 2 47 1
a contact +333660 +334338 47 2 1
a contact +333660 +334338 2 47 1
a contact +339849 +340464 47 2 1
a contact +339849 +340464 2 47 1
a contact +346006 +346639 47 2 1
a contact +346006 +346639 2 47 1
a contact +352113 +352820 47 2 1
a contact +352113 +352820 2 47 1
a contact +358185 +358945 47 2 1
a contact +358185 +358945 2 47 1
a contact +364239 +364981 47 2 1
a contact +364239 +364981 2 47 1
a contact +370283 +370921 47 2 1
a contact +370283 +370921 2 47 1
a contact +376316 +376775 47 2 1
a contact +376316 +376775 2 47 1
a contact +382319 +382589 47 2 1
a contact +382319 +382589 2 47 1
a contact +388204 +388496 47 2 1
a contact +388204 +388496 2 47 1
a contact +394017 +394506 47 2 1
a contact +394017 +394506 2 47 1
a contact +399880 +400541 47 2 1
a contact +399880 +400541 2 47 1
a contact +405831 +406586 47 2 1
a contact +405831 +406586 2 47 1
a contact +411879 +412642 47 2 1
a contact +411879 +412642 2 47 1
a contact +418015 +418716 47 2 1
a contact +418015 +418716 2 47 1
a contact +424200 +424827 47 2 1
a contact +424200 +424827 2 47 1
a contact +430372 +430990 47 2 1
a contact +430372 +430990 2 47 1
a contact +436492 +437176 47 2 1
a contact +436492 +437176 2 47 1
a contact +442572 +443322 47 2 1
a contact +442572 +443322 2 47 1
a contact +448631 +449387 47 2 1
a contact +448631 +449387 2 47 1
a contact +454677 +455354 47 2 1
a contact +454677 +455354 2 47 1
a contact +460714 +461231 47 2 1
a contact +460714 +461231 2 47 1
a contact +466731 +467048 47 2 1
a contact +466731 +467048 2 47 1
a contact +472659 +472913 47 2 1
a contact +472659 +472913 2 47 1
a contact +478476 +478905 47 2 1
a contact +478476 +478905 2 47 1
a contact +484317 +484935 47 2 1
a contact +484317 +484935 2 47 1
a contact +490241 +490977 47 2 1
a contact +490241 +490977 2 47 1
a contact +496261 +497030 47 2 1
a contact +496261 +497030 2 47 1
a contact +502373 +503098 47 2 1
a contact +502373 +503098 2 47 1
a contact +508550 +509196 47 2 1
a contact +508550 +509196 2 47 1
a contact +514732 +515343 47 2 1
a contact +514732 +515343 2 47 1
a contact +520868 +521529 47 2 1
a contact +520868 +521529 2 47 1
a contact +526957 +527693 47 2 1
a contact +526957 +527693 2 47 1
a contact +533021 +533783 47 2 1
a contact +533021 +533783 2 47 1
a contact +539071 +539780 47 2 1
a contact +539071 +539780 2 47 1
a contact +545111 +545682 47 2 1
a contact +545111 +545682 2 47 1
a contact +551136 +551510 47 2 1
a contact +551136 +551510 2 47 1
a contact +557103 +557343 47 2 1
a contact +557103 +557343 2 47 1
a contact +562938 +563306 47 2 1
a contact +562938 +563306 2 47 1
a contact +568763 +569331 47 2 1
a contact +568763 +569331 2 47 1
a contact +574660 +575370 47 2 1
a contact +574660 +575370 2 47 1
a contact +580651 +581419 47 2 1
a contact +580651 +581419 2 47 1
a contact +586738 +587481 47 2 1
a contact +586738 +587481 2 47 1
a contact +592901 +593569 47 2 1
a contact +592901 +593569 2 47 1
a contact +599088 +599700 47 2 1
a contact +599088 +599700 2 47 1
a contact +1846 +2483 48 2 1
a contact +1846 +2483 2 48 1
a contact +7949 +8662 48 2 1
a contact +7949 +8662 2 48 1
a contact +14019 +14781 48 2 1
a contact +14019 +14781 2 48 1
a contact +20073 +20809 48 2 1
a contact +20073 +20809 2 48 1
a contact +26116 +26741 48 2 1
a contact +26116 +26741 2 48 1
a contact +32147 +32590 48 2 1
a contact +32147 +32590 2 48 1
a contact +38145 +38405 48 2 1
a contact +38145 +38405 2 48 1
a contact +44019 +44324 48 2 1
a contact +44019 +44324 2 48 1
a contact +49832 +50337 48 2 1
a contact +49832 +50337 2 48 1
a contact +55701 +56373 48 2 1
a contact +55701 +56373 2 48 1
a contact +61661 +62419 48 2 1
a contact +61661 +62419 2 48 1
a contact +67717 +68476 48 2 1
a contact +67717 +68476 2 48 1
a contact +73858 +74553 48 2 1
a contact +73858 +74553 2 48 1
a contact +80045 +80668 48 2 1
a contact +80045 +80668 2 48 1
a contact +86213 +86834 48 2 1
a contact +86213 +86834 2 48 1
a contact +92329 +93019 48 2 1
a contact +92329 +93019 2 48 1
a contact +98407 +99160 48 2 1
a contact +98407 +99160 2 48 1
a contact +104464 +105217 48 2 1
a contact +104464 +105217 2 48 1
a contact +110510 +111177 48 2 1
a contact +110510 +111177 2 48 1
a contact +116546 +117047 48 2 1
a contact +116546 +117047 2 48 1
a contact +122559 +122862 48 2 1
a contact +122559 +122862 2 48 1
a contact +128476 +128738 48 2 1
a contact +128476 +128738 2 48 1
a contact +134290 +134736 48 2 1
a contact +134290 +134736 2 48 1
a contact +140137 +140768 48 2 1
a contact +140137 +140768 2 48 1
a contact +146068 +146810 48 2 1
a contact +146068 +146810 2 48 1
a contact +152096 +152864 48 2 1
a contact +152096 +152864 2 48 1
a contact +158215 +158934 48 2 1
a contact +158215 +158934 2 48 1
a contact +164395 +165035 48 2 1
a contact +164395 +165035 2 48 1
a contact +170575 +171187 48 2 1
a contact +170575 +171187 2 48 1
a contact +176706 +177373 48 2 1
a contact +176706 +177373 2 48 1
a contact +182793 +183533 48 2 1
a contact +182793 +183533 2 48 1
a contact +188855 +189616 48 2 1
a contact +188855 +189616 2 48 1
a contact +194904 +195605 48 2 1
a contact +194904 +195605 2 48 1
a contact +200943 +201499 48 2 1
a contact +200943 +201499 2 48 1
a contact +206966 +207323 48 2 1
a contact +206966 +207323 2 48 1
a contact +212923 +213164 48 2 1
a contact +212923 +213164 2 48 1
a contact +218751 +219136 48 2 1
a contact +218751 +219136 2 48 1
a contact +224580 +225163 48 2 1
a contact +224580 +225163 2 48 1
a contact +230485 +231203 48 2 1
a contact +230485 +231203 2 48 1
a contact +236484 +237253 48 2 1
a contact +236484 +237253 2 48 1
a contact +242578 +243317 48 2 1
a contact +242578 +243317 2 48 1
a contact +248745 +249407 48 2 1
a contact +248745 +249407 2 48 1
a contact +254932 +255543 48 2 1
a contact +254932 +255543 2 48 1
a contact +261079 +261724 48 2 1
a contact +261079 +261724 2 48 1
a contact +267176 +267898 48 2 1
a contact +267176 +267898 2 48 1
a contact +273244 +274007 48 2 1
a contact +273244 +274007 2 48 1
a contact +279296 +280024 48 2 1
a contact +279296 +280024 2 48 1
a contact +285338 +285945 48 2 1
a contact +285338 +285945 2 48 1
a contact +291368 +291785 48 2 1
a contact +291368 +291785 2 48 1
a contact +297356 +297605 48 2 1
a contact +297356 +297605 2 48 1
a contact +303214 +303541 48 2 1
a contact +303214 +303541 2 48 1
a contact +309030 +309559 48 2 1
a contact +309030 +309559 2 48 1
a contact +314909 +315596 48 2 1
a contact +314909 +315596 2 48 1
a contact +320880 +321643 48 2 1
a contact +320880 +321643 2 48 1
a contact +326947 +327702 48 2 1
a contact +326947 +327702 2 48 1
a contact +333097 +333782 48 2 1
a contact +333097 +333782 2 48 1
a contact +339285 +339903 48 2 1
a contact +339285 +339903 2 48 1
a contact +345447 +346074 48 2 1
a contact +345447 +346074 2 48 1
a contact +351558 +352258 48 2 1
a contact +351558 +352258 2 48 1
a contact +357632 +358390 48 2 1
a contact +357632 +358390 2 48 1
a contact +363688 +364435 48 2 1
a contact +363688 +364435 2 48 1
a contact +369733 +370384 48 2 1
a contact +369733 +370384 2 48 1
a contact +375767 +376244 48 2 1
a contact +375767 +376244 2 48 1
a contact +381775 +382058 48 2 1
a contact +381775 +382058 2 48 1
a contact +387674 +387951 48 2 1
a contact +387674 +387951 2 48 1
a contact +393486 +393957 48 2 1
a contact +393486 +393957 2 48 1
a contact +399342 +399990 48 2 1
a contact +399342 +399990 2 48 1
a contact +405284 +406034 48 2 1
a contact +405284 +406034 2 48 1
a contact +411324 +412089 48 2 1
a contact +411324 +412089 2 48 1
a contact +417453 +418162 48 2 1
a contact +417453 +418162 2 48 1
a contact +423636 +424268 48 2 1
a contact +423636 +424268 2 48 1
a contact +429811 +430426 48 2 1
a contact +429811 +430426 2 48 1
a contact +435936 +436613 48 2 1
a contact +435936 +436613 2 48 1
a contact +442019 +442765 48 2 1
a contact +442019 +442765 2 48 1
a contact +448079 +448838 48 2 1
a contact +448079 +448838 2 48 1
a contact +454127 +454814 48 2 1
a contact +454127 +454814 2 48 1
a contact +460164 +460699 48 2 1
a contact +460164 +460699 2 48 1
a contact +466184 +466518 48 2 1
a contact +466184 +466518 2 48 1
a contact +472126 +472372 48 2 1
a contact +472126 +472372 2 48 1
a contact +477946 +478356 48 2 1
a contact +477946 +478356 2 48 1
a contact +483782 +484385 48 2 1
a contact +483782 +484385 2 48 1
a contact +489697 +490426 48 2 1
a contact +489697 +490426 2 48 1
a contact +495709 +496478 48 2 1
a contact +495709 +496478 2 48 1
a contact +501813 +502544 48 2 1
a contact +501813 +502544 2 48 1
a contact +507986 +508638 48 2 1
a contact +507986 +508638 2 48 1
a contact +514170 +514781 48 2 1
a contact +514170 +514781 2 48 1
a contact +520311 +520965 48 2 1
a contact +520311 +520965 2 48 1
a contact +526404 +527133 48 2 1
a contact +526404 +527133 2 48 1
a contact +532469 +533232 48 2 1
a contact +532469 +533232 2 48 1
a contact +538520 +539237 48 2 1
a contact +538520 +539237 2 48 1
a contact +544560 +545147 48 2 1
a contact +544560 +545147 2 48 1
a contact +550588 +550980 48 2 1
a contact +550588 +550980 2 48 1
a contact +556564 +556806 48 2 1
a contact +556564 +556806 2 48 1
a contact +562408 +562759 48 2 1
a contact +562408 +562759 2 48 1
a contact +568229 +568781 48 2 1
a contact +568229 +568781 2 48 1
a contact +574118 +574819 48 2 1
a contact +574118 +574819 2 48 1
a contact +580101 +580867 48 2 1
a contact +580101 +580867 2 48 1
a contact +586180 +586928 48 2 1
a contact +586180 +586928 2 48 1
a contact +592337 +593012 48 2 1
a contact +592337 +593012 2 48 1
a contact +598525 +599139 48 2 1
a contact +598525 +599139 2 48 1
a contact +604681 +604800 48 2 1
a contact +604681 +604800 2 48 1
a contact +1287 +1918 49 2 1
a contact +1287 +1918 2 49 1
a contact +7393 +8100 49 2 1
a contact +7393 +8100 2 49 1
a contact +13466 +14226 49 2 1
a contact +13466 +14226 2 49 1
a contact +19521 +20263 49 2 1
a contact +19521 +20263 2 49 1
a contact +25565 +26204 49 2 1
a contact +25565 +26204 2 49 1
a contact +31598 +32059 49 2 1
a contact +31598 +32059 2 49 1
a contact +37601 +37873 49 2 1
a contact +37601 +37873 2 49 1
a contact +43488 +43778 49 2 1
a contact +43488 +43778 2 49 1
a contact +49300 +49787 49 2 1
a contact +49300 +49787 2 49 1
a contact +55162 +55822 49 2 1
a contact +55162 +55822 2 49 1
a contact +61113 +61867 49 2 1
a contact +61113 +61867 2 49 1
a contact +67160 +67923 49 2 1
a contact +67160 +67923 2 49 1
a contact +73295 +73997 49 2 1
a contact +73295 +73997 2 49 1
a contact +79480 +80108 49 2 1
a contact +79480 +80108 2 49 1
a contact +85652 +86270 49 2 1
a contact +85652 +86270 2 49 1
a contact +91773 +92456 49 2 1
a contact +91773 +92456 2 49 1
a contact +97853 +98603 49 2 1
a contact +97853 +98603 2 49 1
a contact +103912 +104668 49 2 1
a contact +103912 +104668 2 49 1
a contact +109959 +110637 49 2 1
a contact +109959 +110637 2 49 1
a contact +115996 +116514 49 2 1
a contact +115996 +116514 2 49 1
a contact +122012 +122331 49 2 1
a contact +122012 +122331 2 49 1
a contact +127943 +128195 49 2 1
a contact +127943 +128195 2 49 1
a contact +133759 +134186 49 2 1
a contact +133759 +134186 2 49 1
a contact +139600 +140217 49 2 1
a contact +139600 +140217 2 49 1
a contact +145523 +146259 49 2 1
a contact +145523 +146259 2 49 1
a contact +151542 +152311 49 2 1
a contact +151542 +152311 2 49 1
a contact +157654 +158379 49 2 1
a contact +157654 +158379 2 49 1
a contact +163830 +164476 49 2 1
a contact +163830 +164476 2 49 1
a contact +170012 +170623 49 2 1
a contact +170012 +170623 2 49 1
a contact +176148 +176808 49 2 1
a contact +176148 +176808 2 49 1
a contact +182238 +182973 49 2 1
a contact +182238 +182973 2 49 1
a contact +188302 +189065 49 2 1
a contact +188302 +189065 2 49 1
a contact +194352 +195062 49 2 1
a contact +194352 +195062 2 49 1
a contact +200392 +200965 49 2 1
a contact +200392 +200965 2 49 1
a contact +206417 +206793 49 2 1
a contact +206417 +206793 2 49 1
a contact +212385 +212626 49 2 1
a contact +212385 +212626 2 49 1
a contact +218221 +218588 49 2 1
a contact +218221 +218588 2 49 1
a contact +224046 +224612 49 2 1
a contact +224046 +224612 2 49 1
a contact +229942 +230651 49 2 1
a contact +229942 +230651 2 49 1
a contact +235933 +236700 49 2 1
a contact +235933 +236700 2 49 1
a contact +242018 +242762 49 2 1
a contact +242018 +242762 2 49 1
a contact +248180 +248849 49 2 1
a contact +248180 +248849 2 49 1
a contact +254368 +254980 49 2 1
a contact +254368 +254980 2 49 1
a contact +260520 +261159 49 2 1
a contact +260520 +261159 2 49 1
a contact +266621 +267337 49 2 1
a contact +266621 +267337 2 49 1
a contact +272691 +273453 49 2 1
a contact +272691 +273453 2 49 1
a contact +278744 +279479 49 2 1
a contact +278744 +279479 2 49 1
a contact +284787 +285408 49 2 1
a contact +284787 +285408 2 49 1
a contact +290818 +291255 49 2 1
a contact +290818 +291255 2 49 1
a contact +296813 +297071 49 2 1
a contact +296813 +297071 2 49 1
a contact +302683 +302994 49 2 1
a contact +302683 +302994 2 49 1
a contact +308498 +309009 49 2 1
a contact +308498 +309009 2 49 1
a contact +314369 +315045 49 2 1
a contact +314369 +315045 2 49 1
a contact +320331 +321091 49 2 1
a contact +320331 +321091 2 49 1
a contact +326390 +327148 49 2 1
a contact +326390 +327148 2 49 1
a contact +332533 +333226 49 2 1
a contact +332533 +333226 2 49 1
a contact +338720 +339342 49 2 1
a contact +338720 +339342 2 49 1
a contact +344887 +345510 49 2 1
a contact +344887 +345510 2 49 1
a contact +351002 +351695 49 2 1
a contact +351002 +351695 2 49 1
a contact +357079 +357834 49 2 1
a contact +357079 +357834 2 49 1
a contact +363136 +363887 49 2 1
a contact +363136 +363887 2 49 1
a contact +369182 +369845 49 2 1
a contact +369182 +369845 2 49 1
a contact +375217 +375712 49 2 1
a contact +375217 +375712 2 49 1
a contact +381229 +381527 49 2 1
a contact +381229 +381527 2 49 1
a contact +387141 +387407 49 2 1
a contact +387141 +387407 2 49 1
a contact +392955 +393407 49 2 1
a contact +392955 +393407 2 49 1
a contact +398804 +399439 49 2 1
a contact +398804 +399439 2 49 1
a contact +404738 +405482 49 2 1
a contact +404738 +405482 2 49 1
a contact +410769 +411536 49 2 1
a contact +410769 +411536 2 49 1
a contact +416890 +417606 49 2 1
a contact +416890 +417606 2 49 1
a contact +423071 +423709 49 2 1
a contact +423071 +423709 2 49 1
a contact +429250 +429862 49 2 1
a contact +429250 +429862 2 49 1
a contact +435379 +436049 49 2 1
a contact +435379 +436049 2 49 1
a contact +441465 +442207 49 2 1
a contact +441465 +442207 2 49 1
a contact +447527 +448287 49 2 1
a contact +447527 +448287 2 49 1
a contact +453575 +454273 49 2 1
a contact +453575 +454273 2 49 1
a contact +459614 +460165 49 2 1
a contact +459614 +460165 2 49 1
a contact +465636 +465988 49 2 1
a contact +465636 +465988 2 49 1
a contact +471590 +471832 49 2 1
a contact +471590 +471832 2 49 1
a contact +477416 +477807 49 2 1
a contact +477416 +477807 2 49 1
a contact +483247 +483834 49 2 1
a contact +483247 +483834 2 49 1
a contact +489154 +489875 49 2 1
a contact +489154 +489875 2 49 1
a contact +495156 +495925 49 2 1
a contact +495156 +495925 2 49 1
a contact +501253 +501989 49 2 1
a contact +501253 +501989 2 49 1
a contact +507421 +508080 49 2 1
a contact +507421 +508080 2 49 1
a contact +513607 +514218 49 2 1
a contact +513607 +514218 2 49 1
a contact +519753 +520400 49 2 1
a contact +519753 +520400 2 49 1
a contact +525849 +526573 49 2 1
a contact +525849 +526573 2 49 1
a contact +531916 +532679 49 2 1
a contact +531916 +532679 2 49 1
a contact +537968 +538693 49 2 1
a contact +537968 +538693 2 49 1
a contact +544010 +544612 49 2 1
a contact +544010 +544612 2 49 1
a contact +550039 +550450 49 2 1
a contact +550039 +550450 2 49 1
a contact +556024 +556271 49 2 1
a contact +556024 +556271 2 49 1
a contact +561878 +562211 49 2 1
a contact +561878 +562211 2 49 1
a contact +567696 +568230 49 2 1
a contact +567696 +568230 2 49 1
a contact +573577 +574268 49 2 1
a contact +573577 +574268 2 49 1
a contact +579551 +580315 49 2 1
a contact +579551 +580315 2 49 1
a contact +585621 +586374 49 2 1
a contact +585621 +586374 2 49 1
a contact +591773 +592456 49 2 1
a contact +591773 +592456 2 49 1
a contact +597961 +598578 49 2 1
a contact +597961 +598578 2 49 1
a contact +604122 +604750 49 2 1
a contact +604122 +604750 2 49 1
a contact +727 +1354 50 2 1
a contact +727 +1354 2 50 1
a contact +6838 +7537 50 2 1
a contact +6838 +7537 2 50 1
a contact +12913 +13670 50 2 1
a contact +12913 +13670 2 50 1
a contact +18969 +19716 50 2 1
a contact +18969 +19716 2 50 1
a contact +25014 +25666 50 2 1
a contact +25014 +25666 2 50 1
a contact +31048 +31527 50 2 1
a contact +31048 +31527 2 50 1
a contact +37056 +37341 50 2 1
a contact +37056 +37341 2 50 1
a contact +42956 +43233 50 2 1
a contact +42956 +43233 2 50 1
a contact +48769 +49237 50 2 1
a contact +48769 +49237 2 50 1
a contact +54624 +55271 50 2 1
a contact +54624 +55271 2 50 1
a contact +60566 +61315 50 2 1
a contact +60566 +61315 2 50 1
a contact +66604 +67369 50 2 1
a contact +66604 +67369 2 50 1
a contact +72732 +73442 50 2 1
a contact +72732 +73442 2 50 1
a contact +78915 +79548 50 2 1
a contact +78915 +79548 2 50 1
a contact +85091 +85705 50 2 1
a contact +85091 +85705 2 50 1
a contact +91216 +91892 50 2 1
a contact +91216 +91892 2 50 1
a contact +97299 +98045 50 2 1
a contact +97299 +98045 2 50 1
a contact +103360 +104119 50 2 1
a contact +103360 +104119 2 50 1
a contact +109407 +110096 50 2 1
a contact +109407 +110096 2 50 1
a contact +115445 +115981 50 2 1
a contact +115445 +115981 2 50 1
a contact +121465 +121801 50 2 1
a contact +121465 +121801 2 50 1
a contact +127408 +127654 50 2 1
a contact +127408 +127654 2 50 1
a contact +133229 +133637 50 2 1
a contact +133229 +133637 2 50 1
a contact +139065 +139666 50 2 1
a contact +139065 +139666 2 50 1
a contact +144979 +145707 50 2 1
a contact +144979 +145707 2 50 1
a contact +150989 +151758 50 2 1
a contact +150989 +151758 2 50 1
a contact +157093 +157824 50 2 1
a contact +157093 +157824 2 50 1
a contact +163265 +163918 50 2 1
a contact +163265 +163918 2 50 1
a contact +169450 +170060 50 2 1
a contact +169450 +170060 2 50 1
a contact +175591 +176244 50 2 1
a contact +175591 +176244 2 50 1
a contact +181684 +182413 50 2 1
a contact +181684 +182413 2 50 1
a contact +187750 +188513 50 2 1
a contact +187750 +188513 2 50 1
a contact +193800 +194519 50 2 1
a contact +193800 +194519 2 50 1
a contact +199841 +200430 50 2 1
a contact +199841 +200430 2 50 1
a contact +205869 +206263 50 2 1
a contact +205869 +206263 2 50 1
a contact +211846 +212089 50 2 1
a contact +211846 +212089 2 50 1
a contact +217692 +218040 50 2 1
a contact +217692 +218040 2 50 1
a contact +223512 +224061 50 2 1
a contact +223512 +224061 2 50 1
a contact +229400 +230100 50 2 1
a contact +229400 +230100 2 50 1
a contact +235382 +236148 50 2 1
a contact +235382 +236148 2 50 1
a contact +241459 +242209 50 2 1
a contact +241459 +242209 2 50 1
a contact +247616 +248292 50 2 1
a contact +247616 +248292 2 50 1
a contact +253804 +254419 50 2 1
a contact +253804 +254419 2 50 1
a contact +259961 +260594 50 2 1
a contact +259961 +260594 2 50 1
a contact +266066 +266775 50 2 1
a contact +266066 +266775 2 50 1
a contact +272138 +272899 50 2 1
a contact +272138 +272899 2 50 1
a contact +278193 +278933 50 2 1
a contact +278193 +278933 2 50 1
a contact +284236 +284871 50 2 1
a contact +284236 +284871 2 50 1
a contact +290269 +290724 50 2 1
a contact +290269 +290724 2 50 1
a contact +296270 +296538 50 2 1
a contact +296270 +296538 2 50 1
a contact +302153 +302448 50 2 1
a contact +302153 +302448 2 50 1
a contact +307966 +308459 50 2 1
a contact +307966 +308459 2 50 1
a contact +313830 +314494 50 2 1
a contact +313830 +314494 2 50 1
a contact +319783 +320539 50 2 1
a contact +319783 +320539 2 50 1
a contact +325833 +326595 50 2 1
a contact +325833 +326595 2 50 1
a contact +331970 +332670 50 2 1
a contact +331970 +332670 2 50 1
a contact +338156 +338782 50 2 1
a contact +338156 +338782 2 50 1
a contact +344327 +344945 50 2 1
a contact +344327 +344945 2 50 1
a contact +350446 +351131 50 2 1
a contact +350446 +351131 2 50 1
a contact +356525 +357277 50 2 1
a contact +356525 +357277 2 50 1
a contact +362584 +363339 50 2 1
a contact +362584 +363339 2 50 1
a contact +368630 +369305 50 2 1
a contact +368630 +369305 2 50 1
a contact +374667 +375180 50 2 1
a contact +374667 +375180 2 50 1
a contact +380683 +380996 50 2 1
a contact +380683 +380996 2 50 1
a contact +386608 +386864 50 2 1
a contact +386608 +386864 2 50 1
a contact +392424 +392857 50 2 1
a contact +392424 +392857 2 50 1
a contact +398267 +398888 50 2 1
a contact +398267 +398888 2 50 1
a contact +404193 +404930 50 2 1
a contact +404193 +404930 2 50 1
a contact +410215 +410983 50 2 1
a contact +410215 +410983 2 50 1
a contact +416329 +417051 50 2 1
a contact +416329 +417051 2 50 1
a contact +422506 +423150 50 2 1
a contact +422506 +423150 2 50 1
a contact +428687 +429299 50 2 1
a contact +428687 +429299 2 50 1
a contact +434822 +435484 50 2 1
a contact +434822 +435484 2 50 1
a contact +440911 +441647 50 2 1
a contact +440911 +441647 2 50 1
a contact +446974 +447736 50 2 1
a contact +446974 +447736 2 50 1
a contact +453024 +453731 50 2 1
a contact +453024 +453731 2 50 1
a contact +459063 +459631 50 2 1
a contact +459063 +459631 2 50 1
a contact +465088 +465458 50 2 1
a contact +465088 +465458 2 50 1
a contact +471053 +471293 50 2 1
a contact +471053 +471293 2 50 1
a contact +476886 +477259 50 2 1
a contact +476886 +477259 2 50 1
a contact +482712 +483283 50 2 1
a contact +482712 +483283 2 50 1
a contact +488611 +489323 50 2 1
a contact +488611 +489323 2 50 1
a contact +494604 +495372 50 2 1
a contact +494604 +495372 2 50 1
a contact +500693 +501435 50 2 1
a contact +500693 +501435 2 50 1
a contact +506856 +507523 50 2 1
a contact +506856 +507523 2 50 1
a contact +513044 +513655 50 2 1
a contact +513044 +513655 2 50 1
a contact +519194 +519835 50 2 1
a contact +519194 +519835 2 50 1
a contact +525294 +526012 50 2 1
a contact +525294 +526012 2 50 1
a contact +531363 +532126 50 2 1
a contact +531363 +532126 2 50 1
a contact +537416 +538149 50 2 1
a contact +537416 +538149 2 50 1
a contact +543459 +544075 50 2 1
a contact +543459 +544075 2 50 1
a contact +549489 +549919 50 2 1
a contact +549489 +549919 2 50 1
a contact +555482 +555737 50 2 1
a contact +555482 +555737 2 50 1
a contact +561348 +561664 50 2 1
a contact +561348 +561664 2 50 1
a contact +567163 +567680 50 2 1
a contact +567163 +567680 2 50 1
a contact +573037 +573716 50 2 1
a contact +573037 +573716 2 50 1
a contact +579002 +579763 50 2 1
a contact +579002 +579763 2 50 1
a contact +585064 +585821 50 2 1
a contact +585064 +585821 2 50 1
a contact +591209 +591899 50 2 1
a contact +591209 +591899 2 50 1
a contact +597396 +598017 50 2 1
a contact +597396 +598017 2 50 1
a contact +603562 +604186 50 2 1
a contact +603562 +604186 2 50 1
a contact +168 +790 51 2 1
a contact +168 +790 2 51 1
a contact +6283 +6975 51 2 1
a contact +6283 +6975 2 51 1
a contact +12360 +13114 51 2 1
a contact +12360 +13114 2 51 1
a contact +18417 +19169 51 2 1
a contact +18417 +19169 2 51 1
a contact +24463 +25127 51 2 1
a contact +24463 +25127 2 51 1
a contact +30498 +30996 51 2 1
a contact +30498 +30996 2 51 1
a contact +36511 +36810 51 2 1
a contact +36511 +36810 2 51 1
a contact +42425 +42689 51 2 1
a contact +42425 +42689 2 51 1
a contact +48239 +48688 51 2 1
a contact +48239 +48688 2 51 1
a contact +54087 +54720 51 2 1
a contact +54087 +54720 2 51 1
a contact +60020 +60764 51 2 1
a contact +60020 +60764 2 51 1
a contact +66050 +66817 51 2 1
a contact +66050 +66817 2 51 1
a contact +72170 +72887 51 2 1
a contact +72170 +72887 2 51 1
a contact +78351 +78989 51 2 1
a contact +78351 +78989 2 51 1
a contact +84530 +85142 51 2 1
a contact +84530 +85142 2 51 1
a contact +90660 +91329 51 2 1
a contact +90660 +91329 2 51 1
a contact +96746 +97487 51 2 1
a contact +96746 +97487 2 51 1
a contact +102808 +103569 51 2 1
a contact +102808 +103569 2 51 1
a contact +108856 +109555 51 2 1
a contact +108856 +109555 2 51 1
a contact +114895 +115448 51 2 1
a contact +114895 +115448 2 51 1
a contact +120918 +121272 51 2 1
a contact +120918 +121272 2 51 1
a contact +126873 +127114 51 2 1
a contact +126873 +127114 2 51 1
a contact +132700 +133089 51 2 1
a contact +132700 +133089 2 51 1
a contact +138530 +139116 51 2 1
a contact +138530 +139116 2 51 1
a contact +144436 +145156 51 2 1
a contact +144436 +145156 2 51 1
a contact +150437 +151206 51 2 1
a contact +150437 +151206 2 51 1
a contact +156533 +157270 51 2 1
a contact +156533 +157270 2 51 1
a contact +162701 +163361 51 2 1
a contact +162701 +163361 2 51 1
a contact +168887 +169498 51 2 1
a contact +168887 +169498 2 51 1
a contact +175033 +175680 51 2 1
a contact +175033 +175680 2 51 1
a contact +181130 +181853 51 2 1
a contact +181130 +181853 2 51 1
a contact +187197 +187960 51 2 1
a contact +187197 +187960 2 51 1
a contact +193249 +193975 51 2 1
a contact +193249 +193975 2 51 1
a contact +199291 +199895 51 2 1
a contact +199291 +199895 2 51 1
a contact +205320 +205734 51 2 1
a contact +205320 +205734 2 51 1
a contact +211306 +211554 51 2 1
a contact +211306 +211554 2 51 1
a contact +217162 +217493 51 2 1
a contact +217162 +217493 2 51 1
a contact +222979 +223512 51 2 1
a contact +222979 +223512 2 51 1
a contact +228860 +229549 51 2 1
a contact +228860 +229549 2 51 1
a contact +234833 +235596 51 2 1
a contact +234833 +235596 2 51 1
a contact +240902 +241655 51 2 1
a contact +240902 +241655 2 51 1
a contact +247053 +247736 51 2 1
a contact +247053 +247736 2 51 1
a contact +253241 +253858 51 2 1
a contact +253241 +253858 2 51 1
a contact +259402 +260030 51 2 1
a contact +259402 +260030 2 51 1
a contact +265512 +266213 51 2 1
a contact +265512 +266213 2 51 1
a contact +271586 +272344 51 2 1
a contact +271586 +272344 2 51 1
a contact +277641 +278387 51 2 1
a contact +277641 +278387 2 51 1
a contact +283686 +284334 51 2 1
a contact +283686 +284334 2 51 1
a contact +289720 +290193 51 2 1
a contact +289720 +290193 2 51 1
a contact +295726 +296007 51 2 1
a contact +295726 +296007 2 51 1
a contact +301622 +301903 51 2 1
a contact +301622 +301903 2 51 1
a contact +307435 +307909 51 2 1
a contact +307435 +307909 2 51 1
a contact +313292 +313943 51 2 1
a contact +313292 +313943 2 51 1
a contact +319236 +319987 51 2 1
a contact +319236 +319987 2 51 1
a contact +325278 +326042 51 2 1
a contact +325278 +326042 2 51 1
a contact +331408 +332115 51 2 1
a contact +331408 +332115 2 51 1
a contact +337592 +338223 51 2 1
a contact +337592 +338223 2 51 1
a contact +343766 +344382 51 2 1
a contact +343766 +344382 2 51 1
a contact +349890 +350568 51 2 1
a contact +349890 +350568 2 51 1
a contact +355972 +356720 51 2 1
a contact +355972 +356720 2 51 1
a contact +362032 +362790 51 2 1
a contact +362032 +362790 2 51 1
a contact +368080 +368765 51 2 1
a contact +368080 +368765 2 51 1
a contact +374117 +374648 51 2 1
a contact +374117 +374648 2 51 1
a contact +380136 +380467 51 2 1
a contact +380136 +380467 2 51 1
a contact +386075 +386323 51 2 1
a contact +386075 +386323 2 51 1
a contact +391895 +392309 51 2 1
a contact +391895 +392309 2 51 1
a contact +397732 +398338 51 2 1
a contact +397732 +398338 2 51 1
a contact +403649 +404379 51 2 1
a contact +403649 +404379 2 51 1
a contact +409662 +410431 51 2 1
a contact +409662 +410431 2 51 1
a contact +415768 +416497 51 2 1
a contact +415768 +416497 2 51 1
a contact +421942 +422593 51 2 1
a contact +421942 +422593 2 51 1
a contact +428126 +428736 51 2 1
a contact +428126 +428736 2 51 1
a contact +434265 +434921 51 2 1
a contact +434265 +434921 2 51 1
a contact +440357 +441088 51 2 1
a contact +440357 +441088 2 51 1
a contact +446422 +447185 51 2 1
a contact +446422 +447185 2 51 1
a contact +452473 +453189 51 2 1
a contact +452473 +453189 2 51 1
a contact +458513 +459097 51 2 1
a contact +458513 +459097 2 51 1
a contact +464540 +464929 51 2 1
a contact +464540 +464929 2 51 1
a contact +470515 +470756 51 2 1
a contact +470515 +470756 2 51 1
a contact +476357 +476711 51 2 1
a contact +476357 +476711 2 51 1
a contact +482179 +482733 51 2 1
a contact +482179 +482733 2 51 1
a contact +488069 +488772 51 2 1
a contact +488069 +488772 2 51 1
a contact +494054 +494820 51 2 1
a contact +494054 +494820 2 51 1
a contact +500134 +500882 51 2 1
a contact +500134 +500882 2 51 1
a contact +506293 +506966 51 2 1
a contact +506293 +506966 2 51 1
a contact +512481 +513094 51 2 1
a contact +512481 +513094 2 51 1
a contact +518636 +519271 51 2 1
a contact +518636 +519271 2 51 1
a contact +524740 +525451 51 2 1
a contact +524740 +525451 2 51 1
a contact +530811 +531572 51 2 1
a contact +530811 +531572 2 51 1
a contact +536865 +537604 51 2 1
a contact +536865 +537604 2 51 1
a contact +542908 +543539 51 2 1
a contact +542908 +543539 2 51 1
a contact +548941 +549389 51 2 1
a contact +548941 +549389 2 51 1
a contact +554940 +555204 51 2 1
a contact +554940 +555204 2 51 1
a contact +560818 +561118 51 2 1
a contact +560818 +561118 2 51 1
a contact +566632 +567130 51 2 1
a contact +566632 +567130 2 51 1
a contact +572498 +573166 51 2 1
a contact +572498 +573166 2 51 1
a contact +578454 +579211 51 2 1
a contact +578454 +579211 2 51 1
a contact +584507 +585268 51 2 1
a contact +584507 +585268 2 51 1
a contact +590646 +591344 51 2 1
a contact +590646 +591344 2 51 1
a contact +596832 +597457 51 2 1
a contact +596832 +597457 2 51 1
a contact +603002 +603622 51 2 1
a contact +603002 +603622 2 51 1
a contact +0 +227 52 2 1
a contact +0 +227 2 52 1
a contact +5728 +6413 52 2 1
a contact +5728 +6413 2 52 1
a contact +11808 +12559 52 2 1
a contact +11808 +12559 2 52 1
a contact +17867 +18622 52 2 1
a contact +17867 +18622 2 52 1
a contact +23913 +24589 52 2 1
a contact +23913 +24589 2 52 1
a contact +29950 +30465 52 2 1
a contact +29950 +30465 2 52 1
a contact +35966 +36282 52 2 1
a contact +35966 +36282 2 52 1
a contact +41894 +42148 52 2 1
a contact +41894 +42148 2 52 1
a contact +47710 +48141 52 2 1
a contact +47710 +48141 2 52 1
a contact +53552 +54171 52 2 1
a contact +53552 +54171 2 52 1
a contact +59476 +60213 52 2 1
a contact +59476 +60213 2 52 1
a contact +65498 +66266 52 2 1
a contact +65498 +66266 2 52 1
a contact +71611 +72334 52 2 1
a contact +71611 +72334 2 52 1
a contact +77787 +78433 52 2 1
a contact +77787 +78433 2 52 1
a contact +83969 +84580 52 2 1
a contact +83969 +84580 2 52 1
a contact +90104 +90766 52 2 1
a contact +90104 +90766 2 52 1
a contact +96194 +96930 52 2 1
a contact +96194 +96930 2 52 1
a contact +102257 +103020 52 2 1
a contact +102257 +103020 2 52 1
a contact +108307 +109015 52 2 1
a contact +108307 +109015 2 52 1
a contact +114346 +114916 52 2 1
a contact +114346 +114916 2 52 1
a contact +120372 +120744 52 2 1
a contact +120372 +120744 2 52 1
a contact +126337 +126577 52 2 1
a contact +126337 +126577 2 52 1
a contact +132172 +132542 52 2 1
a contact +132172 +132542 2 52 1
a contact +137997 +138567 52 2 1
a contact +137997 +138567 2 52 1
a contact +143895 +144606 52 2 1
a contact +143895 +144606 2 52 1
a contact +149887 +150655 52 2 1
a contact +149887 +150655 2 52 1
a contact +155975 +156718 52 2 1
a contact +155975 +156718 2 52 1
a contact +162138 +162805 52 2 1
a contact +162138 +162805 2 52 1
a contact +168325 +168937 52 2 1
a contact +168325 +168937 2 52 1
a contact +174476 +175117 52 2 1
a contact +174476 +175117 2 52 1
a contact +180577 +181294 52 2 1
a contact +180577 +181294 2 52 1
a contact +186646 +187408 52 2 1
a contact +186646 +187408 2 52 1
a contact +192699 +193432 52 2 1
a contact +192699 +193432 2 52 1
a contact +198742 +199360 52 2 1
a contact +198742 +199360 2 52 1
a contact +204773 +205205 52 2 1
a contact +204773 +205205 2 52 1
a contact +210766 +211022 52 2 1
a contact +210766 +211022 2 52 1
a contact +216634 +216947 52 2 1
a contact +216634 +216947 2 52 1
a contact +222448 +222963 52 2 1
a contact +222448 +222963 2 52 1
a contact +228321 +228999 52 2 1
a contact +228321 +228999 2 52 1
a contact +234285 +235046 52 2 1
a contact +234285 +235046 2 52 1
a contact +240346 +241104 52 2 1
a contact +240346 +241104 2 52 1
a contact +246491 +247182 52 2 1
a contact +246491 +247182 2 52 1
a contact +252678 +253299 52 2 1
a contact +252678 +253299 2 52 1
a contact +258844 +259467 52 2 1
a contact +258844 +259467 2 52 1
a contact +264958 +265652 52 2 1
a contact +264958 +265652 2 52 1
a contact +271034 +271790 52 2 1
a contact +271034 +271790 2 52 1
a contact +277091 +277841 52 2 1
a contact +277091 +277841 2 52 1
a contact +283136 +283797 52 2 1
a contact +283136 +283797 2 52 1
a contact +289171 +289663 52 2 1
a contact +289171 +289663 2 52 1
a contact +295183 +295477 52 2 1
a contact +295183 +295477 2 52 1
a contact +301092 +301360 52 2 1
a contact +301092 +301360 2 52 1
a contact +306905 +307361 52 2 1
a contact +306905 +307361 2 52 1
a contact +312756 +313394 52 2 1
a contact +312756 +313394 2 52 1
a contact +318692 +319437 52 2 1
a contact +318692 +319437 2 52 1
a contact +324725 +325491 52 2 1
a contact +324725 +325491 2 52 1
a contact +330847 +331562 52 2 1
a contact +330847 +331562 2 52 1
a contact +337028 +337665 52 2 1
a contact +337028 +337665 2 52 1
a contact +343207 +343820 52 2 1
a contact +343207 +343820 2 52 1
a contact +349335 +350006 52 2 1
a contact +349335 +350006 2 52 1
a contact +355420 +356163 52 2 1
a contact +355420 +356163 2 52 1
a contact +361482 +362242 52 2 1
a contact +361482 +362242 2 52 1
a contact +367530 +368226 52 2 1
a contact +367530 +368226 2 52 1
a contact +373568 +374116 52 2 1
a contact +373568 +374116 2 52 1
a contact +379590 +379938 52 2 1
a contact +379590 +379938 2 52 1
a contact +385541 +385784 52 2 1
a contact +385541 +385784 2 52 1
a contact +391366 +391761 52 2 1
a contact +391366 +391761 2 52 1
a contact +397198 +397789 52 2 1
a contact +397198 +397789 2 52 1
a contact +403107 +403829 52 2 1
a contact +403107 +403829 2 52 1
a contact +409111 +409880 52 2 1
a contact +409111 +409880 2 52 1
a contact +415209 +415945 52 2 1
a contact +415209 +415945 2 52 1
a contact +421379 +422036 52 2 1
a contact +421379 +422036 2 52 1
a contact +427564 +428175 52 2 1
a contact +427564 +428175 2 52 1
a contact +433709 +434358 52 2 1
a contact +433709 +434358 2 52 1
a contact +439805 +440530 52 2 1
a contact +439805 +440530 2 52 1
a contact +445871 +446634 52 2 1
a contact +445871 +446634 2 52 1
a contact +451923 +452647 52 2 1
a contact +451923 +452647 2 52 1
a contact +457964 +458563 52 2 1
a contact +457964 +458563 2 52 1
a contact +463993 +464400 52 2 1
a contact +463993 +464400 2 52 1
a contact +469976 +470222 52 2 1
a contact +469976 +470222 2 52 1
a contact +475829 +476165 52 2 1
a contact +475829 +476165 2 52 1
a contact +481647 +482185 52 2 1
a contact +481647 +482185 2 52 1
a contact +487530 +488222 52 2 1
a contact +487530 +488222 2 52 1
a contact +493505 +494270 52 2 1
a contact +493505 +494270 2 52 1
a contact +499577 +500330 52 2 1
a contact +499577 +500330 2 52 1
a contact +505730 +506411 52 2 1
a contact +505730 +506411 2 52 1
a contact +511918 +512535 52 2 1
a contact +511918 +512535 2 52 1
a contact +518078 +518708 52 2 1
a contact +518078 +518708 2 52 1
a contact +524186 +524890 52 2 1
a contact +524186 +524890 2 52 1
a contact +530260 +531019 52 2 1
a contact +530260 +531019 2 52 1
a contact +536315 +537059 52 2 1
a contact +536315 +537059 2 52 1
a contact +542359 +543003 52 2 1
a contact +542359 +543003 2 52 1
a contact +548393 +548860 52 2 1
a contact +548393 +548860 2 52 1
a contact +554397 +554674 52 2 1
a contact +554397 +554674 2 52 1
a contact +560289 +560574 52 2 1
a contact +560289 +560574 2 52 1
a contact +566102 +566582 52 2 1
a contact +566102 +566582 2 52 1
a contact +571961 +572616 52 2 1
a contact +571961 +572616 2 52 1
a contact +577908 +578661 52 2 1
a contact +577908 +578661 2 52 1
a contact +583953 +584716 52 2 1
a contact +583953 +584716 2 52 1
a contact +590085 +590790 52 2 1
a contact +590085 +590790 2 52 1
a contact +596269 +596899 52 2 1
a contact +596269 +596899 2 52 1
a contact +602443 +603059 52 2 1
a contact +602443 +603059 2 52 1
a contact +5175 +5853 53 2 1
a contact +5175 +5853 2 53 1
a contact +11258 +12004 53 2 1
a contact +11258 +12004 2 53 1
a contact +17318 +18076 53 2 1
a contact +17318 +18076 2 53 1
a contact +23365 +24052 53 2 1
a contact +23365 +24052 2 53 1
a contact +29403 +29935 53 2 1
a contact +29403 +29935 2 53 1
a contact +35422 +35754 53 2 1
a contact +35422 +35754 2 53 1
a contact +41362 +41609 53 2 1
a contact +41362 +41609 2 53 1
a contact +47182 +47594 53 2 1
a contact +47182 +47594 2 53 1
a contact +53019 +53623 53 2 1
a contact +53019 +53623 2 53 1
a contact +58935 +59665 53 2 1
a contact +58935 +59665 2 53 1
a contact +64947 +65716 53 2 1
a contact +64947 +65716 2 53 1
a contact +71052 +71782 53 2 1
a contact +71052 +71782 2 53 1
a contact +77226 +77877 53 2 1
a contact +77226 +77877 2 53 1
a contact +83410 +84020 53 2 1
a contact +83410 +84020 2 53 1
a contact +89550 +90205 53 2 1
a contact +89550 +90205 2 53 1
a contact +95642 +96373 53 2 1
a contact +95642 +96373 2 53 1
a contact +101708 +102471 53 2 1
a contact +101708 +102471 2 53 1
a contact +107758 +108475 53 2 1
a contact +107758 +108475 2 53 1
a contact +113799 +114384 53 2 1
a contact +113799 +114384 2 53 1
a contact +119826 +120216 53 2 1
a contact +119826 +120216 2 53 1
a contact +125801 +126043 53 2 1
a contact +125801 +126043 2 53 1
a contact +131644 +131997 53 2 1
a contact +131644 +131997 2 53 1
a contact +137466 +138019 53 2 1
a contact +137466 +138019 2 53 1
a contact +143356 +144058 53 2 1
a contact +143356 +144058 2 53 1
a contact +149339 +150106 53 2 1
a contact +149339 +150106 2 53 1
a contact +155419 +156167 53 2 1
a contact +155419 +156167 2 53 1
a contact +161577 +162251 53 2 1
a contact +161577 +162251 2 53 1
a contact +167765 +168379 53 2 1
a contact +167765 +168379 2 53 1
a contact +173920 +174555 53 2 1
a contact +173920 +174555 2 53 1
a contact +180025 +180735 53 2 1
a contact +180025 +180735 2 53 1
a contact +186096 +186857 53 2 1
a contact +186096 +186857 2 53 1
a contact +192150 +192890 53 2 1
a contact +192150 +192890 2 53 1
a contact +198194 +198826 53 2 1
a contact +198194 +198826 2 53 1
a contact +204226 +204677 53 2 1
a contact +204226 +204677 2 53 1
a contact +210226 +210492 53 2 1
a contact +210226 +210492 2 53 1
a contact +216106 +216404 53 2 1
a contact +216106 +216404 2 53 1
a contact +221919 +222416 53 2 1
a contact +221919 +222416 2 53 1
a contact +227785 +228451 53 2 1
a contact +227785 +228451 2 53 1
a contact +233740 +234497 53 2 1
a contact +233740 +234497 2 53 1
a contact +239792 +240553 53 2 1
a contact +239792 +240553 2 53 1
a contact +245930 +246629 53 2 1
a contact +245930 +246629 2 53 1
a contact +252116 +252742 53 2 1
a contact +252116 +252742 2 53 1
a contact +258286 +258906 53 2 1
a contact +258286 +258906 2 53 1
a contact +264405 +265092 53 2 1
a contact +264405 +265092 2 53 1
a contact +270484 +271236 53 2 1
a contact +270484 +271236 2 53 1
a contact +276542 +277296 53 2 1
a contact +276542 +277296 2 53 1
a contact +282588 +283260 53 2 1
a contact +282588 +283260 2 53 1
a contact +288624 +289134 53 2 1
a contact +288624 +289134 2 53 1
a contact +294639 +294949 53 2 1
a contact +294639 +294949 2 53 1
a contact +300562 +300820 53 2 1
a contact +300562 +300820 2 53 1
a contact +306377 +306815 53 2 1
a contact +306377 +306815 2 53 1
a contact +312222 +312846 53 2 1
a contact +312222 +312846 2 53 1
a contact +318149 +318888 53 2 1
a contact +318149 +318888 2 53 1
a contact +324173 +324941 53 2 1
a contact +324173 +324941 2 53 1
a contact +330288 +331010 53 2 1
a contact +330288 +331010 2 53 1
a contact +336467 +337110 53 2 1
a contact +336467 +337110 2 53 1
a contact +342648 +343259 53 2 1
a contact +342648 +343259 2 53 1
a contact +348781 +349445 53 2 1
a contact +348781 +349445 2 53 1
a contact +354869 +355607 53 2 1
a contact +354869 +355607 2 53 1
a contact +360932 +361694 53 2 1
a contact +360932 +361694 2 53 1
a contact +366981 +367687 53 2 1
a contact +366981 +367687 2 53 1
a contact +373021 +373585 53 2 1
a contact +373021 +373585 2 53 1
a contact +379045 +379411 53 2 1
a contact +379045 +379411 2 53 1
a contact +385007 +385248 53 2 1
a contact +385007 +385248 2 53 1
a contact +390839 +391216 53 2 1
a contact +390839 +391216 2 53 1
a contact +396666 +397241 53 2 1
a contact +396666 +397241 2 53 1
a contact +402566 +403281 53 2 1
a contact +402566 +403281 2 53 1
a contact +408562 +409330 53 2 1
a contact +408562 +409330 2 53 1
a contact +414652 +415393 53 2 1
a contact +414652 +415393 2 53 1
a contact +420817 +421482 53 2 1
a contact +420817 +421482 2 53 1
a contact +427004 +427616 53 2 1
a contact +427004 +427616 2 53 1
a contact +433153 +433796 53 2 1
a contact +433153 +433796 2 53 1
a contact +439253 +439972 53 2 1
a contact +439253 +439972 2 53 1
a contact +445321 +446084 53 2 1
a contact +445321 +446084 2 53 1
a contact +451374 +452105 53 2 1
a contact +451374 +452105 2 53 1
a contact +457416 +458030 53 2 1
a contact +457416 +458030 2 53 1
a contact +463447 +463873 53 2 1
a contact +463447 +463873 2 53 1
a contact +469438 +469690 53 2 1
a contact +469438 +469690 2 53 1
a contact +475301 +475621 53 2 1
a contact +475301 +475621 2 53 1
a contact +481117 +481637 53 2 1
a contact +481117 +481637 2 53 1
a contact +486992 +487674 53 2 1
a contact +486992 +487674 2 53 1
a contact +492959 +493721 53 2 1
a contact +492959 +493721 2 53 1
a contact +499023 +499779 53 2 1
a contact +499023 +499779 2 53 1
a contact +505169 +505858 53 2 1
a contact +505169 +505858 2 53 1
a contact +511357 +511977 53 2 1
a contact +511357 +511977 2 53 1
a contact +517521 +518146 53 2 1
a contact +517521 +518146 2 53 1
a contact +523634 +524331 53 2 1
a contact +523634 +524331 2 53 1
a contact +529709 +530466 53 2 1
a contact +529709 +530466 2 53 1
a contact +535766 +536515 53 2 1
a contact +535766 +536515 2 53 1
a contact +541811 +542467 53 2 1
a contact +541811 +542467 2 53 1
a contact +547846 +548331 53 2 1
a contact +547846 +548331 2 53 1
a contact +553855 +554145 53 2 1
a contact +553855 +554145 2 53 1
a contact +559760 +560032 53 2 1
a contact +559760 +560032 2 53 1
a contact +565573 +566035 53 2 1
a contact +565573 +566035 2 53 1
a contact +571426 +572068 53 2 1
a contact +571426 +572068 2 53 1
a contact +577365 +578112 53 2 1
a contact +577365 +578112 2 53 1
a contact +583400 +584166 53 2 1
a contact +583400 +584166 2 53 1
a contact +589525 +590238 53 2 1
a contact +589525 +590238 2 53 1
a contact +595708 +596343 53 2 1
a contact +595708 +596343 2 53 1
a contact +601885 +602498 53 2 1
a contact +601885 +602498 2 53 1
