a contact +0 +604800 2 1 1
a contact +0 +604800 1 2 1
a contact +0 +604800 4 1 1
a contact +0 +604800 1 4 1
a contact +0 +604800 6 1 1
a contact +0 +604800 1 6 1
a contact +0 +604800 8 1 1
a contact +0 +604800 1 8 1
a contact +0 +604800 10 1 1
a contact +0 +604800 1 10 1
a contact +0 +604800 12 1 1
a contact +0 +604800 1 12 1
a contact +0 +604800 14 1 1
a contact +0 +604800 1 14 1
a contact +0 +604800 16 1 1
a contact +0 +604800 1 16 1
a contact +0 +604800 18 1 1
a contact +0 +604800 1 18 1
a contact +0 +604800 20 1 1
a contact +0 +604800 1 20 1
a contact +4069 +4733 44 2 1
a contact +4069 +4733 2 44 1
a contact +10158 +10895 44 2 1
a contact +10158 +10895 2 44 1
a contact +16221 +16983 44 2 1
a contact +16221 +16983 2 44 1
a contact +22270 +22976 44 2 1
a contact +22270 +22976 2 44 1
a contact +28310 +28875 44 2 1
a contact +28310 +28875 2 44 1
a contact +34334 +34702 44 2 1
a contact +34334 +34702 2 44 1
a contact +40298 +40538 44 2 1
a contact +40298 +40538 2 44 1
a contact +46130 +46505 44 2 1
a contact +46130 +46505 2 44 1
a contact +51956 +52530 44 2 1
a contact +51956 +52530 2 44 1
a contact +57856 +58570 44 2 1
a contact +57856 +58570 2 44 1
a contact +63851 +64619 44 2 1
a contact +63851 +64619 2 44 1
a contact +69940 +70682 44 2 1
a contact +69940 +70682 2 44 1
a contact +76104 +76770 44 2 1
a contact +76104 +76770 2 44 1
a contact +82292 +82903 44 2 1
a contact +82292 +82903 2 44 1
a contact +88442 +89083 44 2 1
a contact +88442 +89083 2 44 1
a contact +94541 +95259 44 2 1
a contact +94541 +95259 2 44 1
a contact +100610 +101373 44 2 1
a contact +100610 +101373 2 44 1
a contact +106663 +107394 44 2 1
a contact +106663 +107394 2 44 1
a contact +112705 +113320 44 2 1
a contact +112705 +113320 2 44 1
a contact +118736 +119163 44 2 1
a contact +118736 +119163 2 44 1
a contact +124728 +124981 44 2 1
a contact +124728 +124981 2 44 1
a contact +130592 +130910 44 2 1
a contact +130592 +130910 2 44 1
a contact +136407 +136926 44 2 1
a contact +136407 +136926 2 44 1
a contact +142282 +142963 44 2 1
a contact +142282 +142963 2 44 1
a contact +148248 +149009 44 2 1
a contact +148248 +149009 2 44 1
a contact +154311 +155067 44 2 1
a contact +154311 +155067 2 44 1
a contact +160457 +161146 44 2 1
a contact +160457 +161146 2 44 1
a contact +166645 +167265 44 2 1
a contact +166645 +167265 2 44 1
a contact +172809 +173434 44 2 1
a contact +172809 +173434 2 44 1
a contact +178922 +179618 44 2 1
a contact +178922 +179618 2 44 1
a contact +184998 +185754 44 2 1
a contact +184998 +185754 2 44 1
a contact +191054 +191804 44 2 1
a contact +191054 +191804 2 44 1
a contact +197100 +197757 44 2 1
a contact +197100 +197757 2 44 1
a contact +203135 +203622 44 2 1
a contact +203135 +203622 2 44 1
a contact +209145 +209436 44 2 1
a contact +209145 +209436 2 44 1
a contact +215051 +215322 44 2 1
a contact +215051 +215322 2 44 1
a contact +220864 +221324 44 2 1
a contact +220864 +221324 2 44 1
a contact +226716 +227357 44 2 1
a contact +226716 +227357 2 44 1
a contact +232654 +233401 44 2 1
a contact +232654 +233401 2 44 1
a contact +238689 +239455 44 2 1
a contact +238689 +239455 2 44 1
a contact +244813 +245526 44 2 1
a contact +244813 +245526 2 44 1
a contact +250995 +251631 44 2 1
a contact +250995 +251631 2 44 1
a contact +257172 +257786 44 2 1
a contact +257172 +257786 2 44 1
a contact +263300 +263973 44 2 1
a contact +263300 +263973 2 44 1
a contact +269384 +270128 44 2 1
a contact +269384 +270128 2 44 1
a contact +275445 +276205 44 2 1
a contact +275445 +276205 2 44 1
a contact +281493 +282187 44 2 1
a contact +281493 +282187 2 44 1
a contact +287532 +288075 44 2 1
a contact +287532 +288075 2 44 1
a contact +293553 +293897 44 2 1
a contact +293553 +293897 2 44 1
a contact +299501 +299745 44 2 1
a contact +299501 +299745 2 44 1
a contact +305325 +305724 44 2 1
a contact +305325 +305724 2 44 1
a contact +311158 +311752 44 2 1
a contact +311158 +311752 2 44 1
a contact +317068 +317793 44 2 1
a contact +317068 +317793 2 44 1
a contact +323075 +323844 44 2 1
a contact +323075 +323844 2 44 1
a contact +329175 +329909 44 2 1
a contact +329175 +329909 2 44 1
a contact +335345 +336001 44 2 1
a contact +335345 +336001 2 44 1
a contact +341531 +342141 44 2 1
a contact +341531 +342141 2 44 1
a contact +347674 +348324 44 2 1
a contact +347674 +348324 2 44 1
a contact +353769 +354495 44 2 1
a contact +353769 +354495 2 44 1
a contact +359835 +360598 44 2 1
a contact +359835 +360598 2 44 1
a contact +365886 +366608 44 2 1
a contact +365886 +366608 2 44 1
a contact +371928 +372523 44 2 1
a contact +371928 +372523 2 44 1
a contact +377956 +378359 44 2 1
a contact +377956 +378359 2 44 1
a contact +383937 +384182 44 2 1
a contact +383937 +384182 2 44 1
a contact +389787 +390127 44 2 1
a contact +389787 +390127 2 44 1
a contact +395606 +396148 44 2 1
a contact +395606 +396148 2 44 1
a contact +401491 +402186 44 2 1
a contact +401491 +402186 2 44 1
a contact +407469 +408233 44 2 1
a contact +407469 +408233 2 44 1
a contact +413542 +414294 44 2 1
a contact +413542 +414294 2 44 1
a contact +419696 +420376 44 2 1
a contact +419696 +420376 2 44 1
a contact +425885 +426500 44 2 1
a contact +425885 +426500 2 44 1
a contact +432044 +432675 44 2 1
a contact +432044 +432675 2 44 1
a contact +438151 +438856 44 2 1
a contact +438151 +438856 2 44 1
a contact +444224 +444983 44 2 1
a contact +444224 +444983 2 44 1
a contact +450278 +451021 44 2 1
a contact +450278 +451021 2 44 1
a contact +456322 +456963 44 2 1
a contact +456322 +456963 2 44 1
a contact +462356 +462819 44 2 1
a contact +462356 +462819 2 44 1
a contact +468359 +468633 44 2 1
a contact +468359 +468633 2 44 1
a contact +474248 +474536 44 2 1
a contact +474248 +474536 2 44 1
a contact +480060 +480545 44 2 1
a contact +480060 +480545 2 44 1
a contact +485921 +486580 44 2 1
a contact +485921 +486580 2 44 1
a contact +491871 +492624 44 2 1
a contact +491871 +492624 2 44 1
a contact +497917 +498680 44 2 1
a contact +497917 +498680 2 44 1
a contact +504051 +504755 44 2 1
a contact +504051 +504755 2 44 1
a contact +510236 +510864 44 2 1
a contact +510236 +510864 2 44 1
a contact +516409 +517026 44 2 1
a contact +516409 +517026 2 44 1
a contact +522530 +523212 44 2 1
a contact +522530 +523212 2 44 1
a contact +528611 +529360 44 2 1
a contact +528611 +529360 2 44 1
a contact +534670 +535426 44 2 1
a contact +534670 +535426 2 44 1
a contact +540716 +541396 44 2 1
a contact +540716 +541396 2 44 1
a contact +546753 +547274 44 2 1
a contact +546753 +547274 2 44 1
a contact +552771 +553092 44 2 1
a contact +552771 +553092 2 44 1
a contact +558702 +558954 44 2 1
a contact +558702 +558954 2 44 1
a contact +564520 +564944 44 2 1
a contact +564520 +564944 2 44 1
a contact +570360 +570974 44 2 1
a contact +570360 +570974 2 44 1
a contact +576282 +577016 44 2 1
a contact +576282 +577016 2 44 1
a contact +582300 +583068 44 2 1
a contact +582300 +583068 2 44 1
a contact +588410 +589136 44 2 1
a contact +588410 +589136 2 44 1
a contact +594586 +595233 44 2 1
a contact +594586 +595233 2 44 1
a contact +600769 +601379 44 2 1
a contact +600769 +601379 2 44 1
a contact +15500 +15771 44 4 1
a contact +15500 +15771 4 44 1
a contact +21230 +21981 44 4 1
a contact +21230 +21981 4 44 1
a contact +27347 +27995 44 4 1
a contact +27347 +27995 4 44 1
a contact +58888 +59477 44 4 1
a contact +58888 +59477 4 44 1
a contact +64885 +65633 44 4 1
a contact +64885 +65633 4 44 1
a contact +71053 +71428 44 4 1
a contact +71053 +71428 4 44 1
a contact +105662 +106358 44 4 1
a contact +105662 +106358 4 44 1
a contact +111684 +112412 44 4 1
a contact +111684 +112412 4 44 1
a contact +143344 +143748 44 4 1
a contact +143344 +143748 4 44 1
a contact +149277 +150028 44 4 1
a contact +149277 +150028 4 44 1
a contact +155376 +155947 44 4 1
a contact +155376 +155947 4 44 1
a contact +190127 +190719 44 4 1
a contact +190127 +190719 4 44 1
a contact +196051 +196815 44 4 1
a contact +196051 +196815 4 44 1
a contact +202334 +202748 44 4 1
a contact +202334 +202748 4 44 1
a contact +233680 +234396 44 4 1
a contact +233680 +234396 4 44 1
a contact +239736 +240414 44 4 1
a contact +239736 +240414 4 44 1
a contact +274641 +275047 44 4 1
a contact +274641 +275047 4 44 1
a contact +280445 +281207 44 4 1
a contact +280445 +281207 4 44 1
a contact +286604 +287204 44 4 1
a contact +286604 +287204 4 44 1
a contact +318096 +318734 44 4 1
a contact +318096 +318734 4 44 1
a contact +324112 +324848 44 4 1
a contact +324112 +324848 4 44 1
a contact +330338 +330560 44 4 1
a contact +330338 +330560 4 44 1
a contact +364866 +365589 44 4 1
a contact +364866 +365589 4 44 1
a contact +370926 +371627 44 4 1
a contact +370926 +371627 4 44 1
a contact +402535 +403031 44 4 1
a contact +402535 +403031 4 44 1
a contact +408500 +409254 44 4 1
a contact +408500 +409254 4 44 1
a contact +414622 +415127 44 4 1
a contact +414622 +415127 4 44 1
a contact +449316 +449958 44 4 1
a contact +449316 +449958 4 44 1
a contact +455281 +456035 44 4 1
a contact +455281 +456035 4 44 1
a contact +461640 +461920 44 4 1
a contact +461640 +461920 4 44 1
a contact +487052 +487228 44 4 1
a contact +487052 +487228 4 44 1
a contact +492898 +493633 44 4 1
a contact +492898 +493633 4 44 1
a contact +498970 +499611 44 4 1
a contact +498970 +499611 4 44 1
a contact +533806 +534303 44 4 1
a contact +533806 +534303 4 44 1
a contact +539665 +540432 44 4 1
a contact +539665 +540432 4 44 1
a contact +545870 +546407 44 4 1
a contact +545870 +546407 4 44 1
a contact +577308 +577984 44 4 1
a contact +577308 +577984 4 44 1
a contact +583340 +584058 44 4 1
a contact +583340 +584058 4 44 1
a contact +24110 +24834 44 6 1
a contact +24110 +24834 6 44 1
a contact +30230 +30829 44 6 1
a contact +30230 +30829 6 44 1
a contact +62100 +62576 44 6 1
a contact +62100 +62576 6 44 1
a contact +68034 +68798 44 6 1
a contact +68034 +68798 6 44 1
a contact +74259 +74541 44 6 1
a contact +74259 +74541 6 44 1
a contact +108558 +109199 44 6 1
a contact +108558 +109199 6 44 1
a contact +114556 +115261 44 6 1
a contact +114556 +115261 6 44 1
a contact +152432 +153187 44 6 1
a contact +152432 +153187 6 44 1
a contact +158540 +159101 44 6 1
a contact +158540 +159101 6 44 1
a contact +193055 +193532 44 6 1
a contact +193055 +193532 6 44 1
a contact +198922 +199670 44 6 1
a contact +198922 +199670 6 44 1
a contact +205312 +205478 44 6 1
a contact +205312 +205478 6 44 1
a contact +236847 +237542 44 6 1
a contact +236847 +237542 6 44 1
a contact +242888 +243578 44 6 1
a contact +242888 +243578 6 44 1
a contact +283322 +284062 44 6 1
a contact +283322 +284062 6 44 1
a contact +289497 +290025 44 6 1
a contact +289497 +290025 6 44 1
a contact +321289 +321853 44 6 1
a contact +321289 +321853 6 44 1
a contact +327261 +328014 44 6 1
a contact +327261 +328014 6 44 1
a contact +367754 +368437 44 6 1
a contact +367754 +368437 6 44 1
a contact +373801 +374471 44 6 1
a contact +373801 +374471 6 44 1
a contact +405803 +406072 44 6 1
a contact +405803 +406072 6 44 1
a contact +411651 +412416 44 6 1
a contact +411651 +412416 6 44 1
a contact +417796 +418272 44 6 1
a contact +417796 +418272 6 44 1
a contact +452227 +452786 44 6 1
a contact +452227 +452786 6 44 1
a contact +458153 +458889 44 6 1
a contact +458153 +458889 6 44 1
a contact +496059 +496785 44 6 1
a contact +496059 +496785 6 44 1
a contact +502126 +502773 44 6 1
a contact +502126 +502773 6 44 1
a contact +536780 +537073 44 6 1
a contact +536780 +537073 6 44 1
a contact +542538 +543288 44 6 1
a contact +542538 +543288 6 44 1
a contact +548779 +549209 44 6 1
a contact +548779 +549209 6 44 1
a contact +580487 +581117 44 6 1
a contact +580487 +581117 6 44 1
a contact +586490 +587224 44 6 1
a contact +586490 +587224 6 44 1
a contact +0 +306 44 8 1
a contact +0 +306 8 44 1
a contact +5813 +6153 44 8 1
a contact +5813 +6153 8 44 1
a contact +38514 +38840 44 8 1
a contact +38514 +38840 8 44 1
a contact +44343 +45095 44 8 1
a contact +44343 +45095 8 44 1
a contact +84028 +84661 44 8 1
a contact +84028 +84661 8 44 1
a contact +90064 +90682 44 8 1
a contact +90064 +90682 8 44 1
a contact +128739 +129495 44 8 1
a contact +128739 +129495 8 44 1
a contact +134992 +135265 44 8 1
a contact +134992 +135265 8 44 1
a contact +168554 +168947 44 8 1
a contact +168554 +168947 8 44 1
a contact +174405 +175128 44 8 1
a contact +174405 +175128 8 44 1
a contact +213170 +213853 44 8 1
a contact +213170 +213853 8 44 1
a contact +219235 +219837 44 8 1
a contact +219235 +219837 8 44 1
a contact +258792 +259534 44 8 1
a contact +258792 +259534 8 44 1
a contact +297658 +298147 44 8 1
a contact +297658 +298147 8 44 1
a contact +303575 +304303 44 8 1
a contact +303575 +304303 8 44 1
a contact +343221 +343905 44 8 1
a contact +343221 +343905 8 44 1
a contact +349329 +349865 44 8 1
a contact +349329 +349865 8 44 1
a contact +387957 +388720 44 8 1
a contact +387957 +388720 8 44 1
a contact +427707 +428228 44 8 1
a contact +427707 +428228 8 44 1
a contact +433643 +434335 44 8 1
a contact +433643 +434335 8 44 1
a contact +472372 +473096 44 8 1
a contact +472372 +473096 8 44 1
a contact +478499 +479008 44 8 1
a contact +478499 +479008 8 44 1
a contact +518013 +518756 44 8 1
a contact +518013 +518756 8 44 1
a contact +556832 +557422 44 8 1
a contact +556832 +557422 8 44 1
a contact +562814 +563503 44 8 1
a contact +562814 +563503 8 44 1
a contact +602424 +603142 44 8 1
a contact +602424 +603142 8 44 1
a contact +29067 +29547 44 10 1
a contact +29067 +29547 10 44 1
a contact +35001 +35737 44 10 1
a contact +35001 +35737 10 44 1
a contact +75271 +75957 44 10 1
a contact +75271 +75957 10 44 1
a contact +81316 +81987 44 10 1
a contact +81316 +81987 10 44 1
a contact +119393 +120138 44 10 1
a contact +119393 +120138 10 44 1
a contact +125568 +125966 44 10 1
a contact +125568 +125966 10 44 1
a contact +159757 +160293 44 10 1
a contact +159757 +160293 10 44 1
a contact +165663 +166412 44 10 1
a contact +165663 +166412 10 44 1
a contact +203807 +204503 44 10 1
a contact +203807 +204503 10 44 1
a contact +209874 +210489 44 10 1
a contact +209874 +210489 10 44 1
a contact +244383 +244507 44 10 1
a contact +244383 +244507 10 44 1
a contact +250049 +250813 44 10 1
a contact +250049 +250813 10 44 1
a contact +256323 +256687 44 10 1
a contact +256323 +256687 10 44 1
a contact +288252 +288822 44 10 1
a contact +288252 +288822 10 44 1
a contact +294231 +294946 44 10 1
a contact +294231 +294946 10 44 1
a contact +334471 +335193 44 10 1
a contact +334471 +335193 10 44 1
a contact +340573 +341187 44 10 1
a contact +340573 +341187 10 44 1
a contact +372781 +373040 44 10 1
a contact +372781 +373040 10 44 1
a contact +378614 +379362 44 10 1
a contact +378614 +379362 10 44 1
a contact +384877 +385081 44 10 1
a contact +384877 +385081 10 44 1
a contact +418934 +419545 44 10 1
a contact +418934 +419545 10 44 1
a contact +424900 +425625 44 10 1
a contact +424900 +425625 10 44 1
a contact +463018 +463743 44 10 1
a contact +463018 +463743 10 44 1
a contact +469124 +469670 44 10 1
a contact +469124 +469670 10 44 1
a contact +503470 +503842 44 10 1
a contact +503470 +503842 10 44 1
a contact +509271 +510035 44 10 1
a contact +509271 +510035 10 44 1
a contact +515721 +515756 44 10 1
a contact +515721 +515756 10 44 1
a contact +547449 +548083 44 10 1
a contact +547449 +548083 10 44 1
a contact +553466 +554148 44 10 1
a contact +553466 +554148 10 44 1
a contact +593678 +594424 44 10 1
a contact +593678 +594424 10 44 1
a contact +599841 +600378 44 10 1
a contact +599841 +600378 10 44 1
a contact +5804 +6548 44 12 1
a contact +5804 +6548 12 44 1
a contact +12108 +12371 44 12 1
a contact +12108 +12371 12 44 1
a contact +44221 +44760 44 12 1
a contact +44221 +44760 12 44 1
a contact +50172 +50906 44 12 1
a contact +50172 +50906 12 44 1
a contact +90231 +90923 44 12 1
a contact +90231 +90923 12 44 1
a contact +96328 +96910 44 12 1
a contact +96328 +96910 12 44 1
a contact +134556 +135321 44 12 1
a contact +134556 +135321 12 44 1
a contact +140856 +141011 44 12 1
a contact +140856 +141011 12 44 1
a contact +174707 +175262 44 12 1
a contact +174707 +175262 12 44 1
a contact +180652 +181358 44 12 1
a contact +180652 +181358 12 44 1
a contact +218966 +219697 44 12 1
a contact +218966 +219697 12 44 1
a contact +225072 +225628 44 12 1
a contact +225072 +225628 12 44 1
a contact +259305 +259495 44 12 1
a contact +259305 +259495 12 44 1
a contact +265024 +265771 44 12 1
a contact +265024 +265771 12 44 1
a contact +303409 +304028 44 12 1
a contact +303409 +304028 12 44 1
a contact +309407 +310109 44 12 1
a contact +309407 +310109 12 44 1
a contact +349435 +350157 44 12 1
a contact +349435 +350157 12 44 1
a contact +355601 +356092 44 12 1
a contact +355601 +356092 12 44 1
a contact +387922 +388274 44 12 1
a contact +387922 +388274 12 44 1
a contact +393780 +394540 44 12 1
a contact +393780 +394540 12 44 1
a contact +433889 +434513 44 12 1
a contact +433889 +434513 12 44 1
a contact +439897 +440563 44 12 1
a contact +439897 +440563 12 44 1
a contact +478179 +478932 44 12 1
a contact +478179 +478932 12 44 1
a contact +484338 +484790 44 12 1
a contact +484338 +484790 12 44 1
a contact +518412 +518814 44 12 1
a contact +518412 +518814 12 44 1
a contact +524251 +524989 44 12 1
a contact +524251 +524989 12 44 1
a contact +562607 +563284 44 12 1
a contact +562607 +563284 12 44 1
a contact +568648 +569303 44 12 1
a contact +568648 +569303 12 44 1
a contact +1230 +1869 44 14 1
a contact +1230 +1869 14 44 1
a contact +7282 +8043 44 14 1
a contact +7282 +8043 14 44 1
a contact +13338 +14069 44 14 1
a contact +13338 +14069 14 44 1
a contact +19415 +19932 44 14 1
a contact +19415 +19932 14 44 1
a contact +43057 +43225 44 14 1
a contact +43057 +43225 14 44 1
a contact +48762 +49375 44 14 1
a contact +48762 +49375 14 44 1
a contact +54688 +55441 44 14 1
a contact +54688 +55441 14 44 1
a contact +60769 +61494 44 14 1
a contact +60769 +61494 14 44 1
a contact +66995 +67548 44 14 1
a contact +66995 +67548 14 44 1
a contact +73324 +73629 44 14 1
a contact +73324 +73629 14 44 1
a contact +79544 +79870 44 14 1
a contact +79544 +79870 14 44 1
a contact +85619 +86197 44 14 1
a contact +85619 +86197 14 44 1
a contact +91673 +92413 44 14 1
a contact +91673 +92413 14 44 1
a contact +97727 +98483 44 14 1
a contact +97727 +98483 14 44 1
a contact +103794 +104397 44 14 1
a contact +103794 +104397 14 44 1
a contact +109975 +110060 44 14 1
a contact +109975 +110060 14 44 1
a contact +133223 +133755 44 14 1
a contact +133223 +133755 14 44 1
a contact +139099 +139829 44 14 1
a contact +139099 +139829 14 44 1
a contact +145136 +145885 44 14 1
a contact +145136 +145885 14 44 1
a contact +151321 +151938 44 14 1
a contact +151321 +151938 14 44 1
a contact +157630 +158004 44 14 1
a contact +157630 +158004 14 44 1
a contact +163911 +164182 44 14 1
a contact +163911 +164182 14 44 1
a contact +170008 +170515 44 14 1
a contact +170008 +170515 14 44 1
a contact +176064 +176771 44 14 1
a contact +176064 +176771 14 44 1
a contact +182116 +182884 44 14 1
a contact +182116 +182884 14 44 1
a contact +188177 +188845 44 14 1
a contact +188177 +188845 14 44 1
a contact +194282 +194624 44 14 1
a contact +194282 +194624 14 44 1
a contact +217702 +218128 44 14 1
a contact +217702 +218128 14 44 1
a contact +223524 +224217 44 14 1
a contact +223524 +224217 14 44 1
a contact +229515 +230275 44 14 1
a contact +229515 +230275 14 44 1
a contact +235658 +236328 44 14 1
a contact +235658 +236328 14 44 1
a contact +241937 +242387 44 14 1
a contact +241937 +242387 14 44 1
a contact +248257 +248511 44 14 1
a contact +248257 +248511 14 44 1
a contact +254394 +254824 44 14 1
a contact +254394 +254824 14 44 1
a contact +260454 +261115 44 14 1
a contact +260454 +261115 14 44 1
a contact +266506 +267272 44 14 1
a contact +266506 +267272 14 44 1
a contact +272564 +273279 44 14 1
a contact +272564 +273279 14 44 1
a contact +278646 +279120 44 14 1
a contact +278646 +279120 14 44 1
a contact +302212 +302482 44 14 1
a contact +302212 +302482 14 44 1
a contact +307962 +308602 44 14 1
a contact +307962 +308602 14 44 1
a contact +313908 +314665 44 14 1
a contact +313908 +314665 14 44 1
a contact +320007 +320719 44 14 1
a contact +320007 +320719 14 44 1
a contact +326249 +326774 44 14 1
a contact +326249 +326774 14 44 1
a contact +332581 +332863 44 14 1
a contact +332581 +332863 14 44 1
a contact +338775 +339130 44 14 1
a contact +338775 +339130 14 44 1
a contact +344844 +345448 44 14 1
a contact +344844 +345448 14 44 1
a contact +350897 +351648 44 14 1
a contact +350897 +351648 14 44 1
a contact +356952 +357699 44 14 1
a contact +356952 +357699 14 44 1
a contact +363022 +363592 44 14 1
a contact +363022 +363592 14 44 1
a contact +392416 +392984 44 14 1
a contact +392416 +392984 14 44 1
a contact +398313 +399055 44 14 1
a contact +398313 +399055 14 44 1
a contact +404368 +405109 44 14 1
a contact +404368 +405109 14 44 1
a contact +410571 +411162 44 14 1
a contact +410571 +411162 14 44 1
a contact +416890 +417234 44 14 1
a contact +416890 +417234 14 44 1
a contact +423147 +423437 44 14 1
a contact +423147 +423437 14 44 1
a contact +429233 +429770 44 14 1
a contact +429233 +429770 14 44 1
a contact +435288 +436010 44 14 1
a contact +435288 +436010 14 44 1
a contact +441341 +442106 44 14 1
a contact +441341 +442106 14 44 1
a contact +447404 +448047 44 14 1
a contact +447404 +448047 14 44 1
a contact +453526 +453793 44 14 1
a contact +453526 +453793 14 44 1
a contact +476887 +477361 44 14 1
a contact +476887 +477361 14 44 1
a contact +482732 +483443 44 14 1
a contact +482732 +483443 14 44 1
a contact +488743 +489500 44 14 1
a contact +488743 +489500 14 44 1
a contact +494903 +495552 44 14 1
a contact +494903 +495552 14 44 1
a contact +501195 +501614 44 14 1
a contact +501195 +501614 14 44 1
a contact +507503 +507758 44 14 1
a contact +507503 +507758 14 44 1
a contact +513620 +514083 44 14 1
a contact +513620 +514083 14 44 1
a contact +519678 +520360 44 14 1
a contact +519678 +520360 14 44 1
a contact +525731 +526499 44 14 1
a contact +525731 +526499 14 44 1
a contact +531789 +532487 44 14 1
a contact +531789 +532487 14 44 1
a contact +537879 +538304 44 14 1
a contact +537879 +538304 14 44 1
a contact +561382 +561725 44 14 1
a contact +561382 +561725 14 44 1
a contact +567165 +567829 44 14 1
a contact +567165 +567829 14 44 1
a contact +573130 +573890 44 14 1
a contact +573130 +573890 14 44 1
a contact +579247 +579943 44 14 1
a contact +579247 +579943 14 44 1
a contact +585505 +585999 44 14 1
a contact +585505 +585999 14 44 1
a contact +591835 +592100 44 14 1
a contact +591835 +592100 14 44 1
a contact +598004 +598389 44 14 1
a contact +598004 +598389 14 44 1
a contact +604069 +604698 44 14 1
a contact +604069 +604698 14 44 1
a contact +10981 +11720 44 16 1
a contact +10981 +11720 16 44 1
a contact +17161 +17554 44 16 1
a contact +17161 +17554 16 44 1
a contact +51186 +51650 44 16 1
a contact +51186 +51650 16 44 1
a contact +57052 +57803 44 16 1
a contact +57052 +57803 16 44 1
a contact +95405 +96076 44 16 1
a contact +95405 +96076 16 44 1
a contact +101459 +102080 44 16 1
a contact +101459 +102080 16 44 1
a contact +141443 +142203 44 16 1
a contact +141443 +142203 16 44 1
a contact +147715 +148057 44 16 1
a contact +147715 +148057 16 44 1
a contact +179873 +180375 44 16 1
a contact +179873 +180375 16 44 1
a contact +185814 +186535 44 16 1
a contact +185814 +186535 16 44 1
a contact +225872 +226577 44 16 1
a contact +225872 +226577 16 44 1
a contact +231958 +232573 44 16 1
a contact +231958 +232573 16 44 1
a contact +270200 +270947 44 16 1
a contact +270200 +270947 16 44 1
a contact +276485 +276656 44 16 1
a contact +276485 +276656 16 44 1
a contact +310351 +310915 44 16 1
a contact +310351 +310915 16 44 1
a contact +316287 +317016 44 16 1
a contact +316287 +317016 16 44 1
a contact +354612 +355320 44 16 1
a contact +354612 +355320 16 44 1
a contact +360711 +361261 44 16 1
a contact +360711 +361261 16 44 1
a contact +394951 +395147 44 16 1
a contact +394951 +395147 16 44 1
a contact +400662 +401427 44 16 1
a contact +400662 +401427 16 44 1
a contact +439058 +439646 44 16 1
a contact +439058 +439646 16 44 1
a contact +445049 +445738 44 16 1
a contact +445049 +445738 16 44 1
a contact +485075 +485811 44 16 1
a contact +485075 +485811 16 44 1
a contact +491227 +491760 44 16 1
a contact +491227 +491760 16 44 1
a contact +523587 +523875 44 16 1
a contact +523587 +523875 16 44 1
a contact +529423 +530167 44 16 1
a contact +529423 +530167 16 44 1
a contact +569531 +570167 44 16 1
a contact +569531 +570167 16 44 1
a contact +575530 +576223 44 16 1
a contact +575530 +576223 16 44 1
a contact +8232 +8530 44 18 1
a contact +8232 +8530 18 44 1
a contact +14058 +14817 44 18 1
a contact +14058 +14817 18 44 1
a contact +54036 +54653 44 18 1
a contact +54036 +54653 18 44 1
a contact +60043 +60702 44 18 1
a contact +60043 +60702 18 44 1
a contact +98458 +99209 44 18 1
a contact +98458 +99209 18 44 1
a contact +104631 +105056 44 18 1
a contact +104631 +105056 18 44 1
a contact +138571 +138939 44 18 1
a contact +138571 +138939 18 44 1
a contact +144396 +145132 44 18 1
a contact +144396 +145132 18 44 1
a contact +182890 +183559 44 18 1
a contact +182890 +183559 18 44 1
a contact +188930 +189578 44 18 1
a contact +188930 +189578 18 44 1
a contact +228791 +229530 44 18 1
a contact +228791 +229530 18 44 1
a contact +235064 +235367 44 18 1
a contact +235064 +235367 18 44 1
a contact +267375 +267844 44 18 1
a contact +267375 +267844 18 44 1
a contact +273287 +274029 44 18 1
a contact +273287 +274029 18 44 1
a contact +313227 +313897 44 18 1
a contact +313227 +313897 18 44 1
a contact +319299 +319897 44 18 1
a contact +319299 +319897 18 44 1
a contact +357675 +358438 44 18 1
a contact +357675 +358438 18 44 1
a contact +363947 +364169 44 18 1
a contact +363947 +364169 18 44 1
a contact +397720 +398220 44 18 1
a contact +397720 +398220 18 44 1
a contact +403630 +404344 44 18 1
a contact +403630 +404344 18 44 1
a contact +442093 +442806 44 18 1
a contact +442093 +442806 18 44 1
a contact +448182 +448760 44 18 1
a contact +448182 +448760 18 44 1
a contact +488008 +488754 44 18 1
a contact +488008 +488754 18 44 1
a contact +526550 +527123 44 18 1
a contact +526550 +527123 18 44 1
a contact +532520 +533234 44 18 1
a contact +532520 +533234 18 44 1
a contact +572427 +573135 44 18 1
a contact +572427 +573135 18 44 1
a contact +578568 +579081 44 18 1
a contact +578568 +579081 18 44 1
a contact +1180 +1922 44 20 1
a contact +1180 +1922 20 44 1
a contact +7238 +8001 44 20 1
a contact +7238 +8001 20 44 1
a contact +13292 +13956 44 20 1
a contact +13292 +13956 20 44 1
a contact +19359 +19778 44 20 1
a contact +19359 +19778 20 44 1
a contact +37120 +37299 44 20 1
a contact +37120 +37299 20 44 1
a contact +42851 +43402 44 20 1
a contact +42851 +43402 20 44 1
a contact +48739 +49460 44 20 1
a contact +48739 +49460 20 44 1
a contact +54755 +55515 44 20 1
a contact +54755 +55515 20 44 1
a contact +60890 +61578 44 20 1
a contact +60890 +61578 20 44 1
a contact +67116 +67668 44 20 1
a contact +67116 +67668 20 44 1
a contact +73344 +73830 44 20 1
a contact +73344 +73830 20 44 1
a contact +79486 +80069 44 20 1
a contact +79486 +80069 20 44 1
a contact +85568 +86283 44 20 1
a contact +85568 +86283 20 44 1
a contact +91628 +92397 44 20 1
a contact +91628 +92397 20 44 1
a contact +97682 +98388 44 20 1
a contact +97682 +98388 20 44 1
a contact +103742 +104251 44 20 1
a contact +103742 +104251 20 44 1
a contact +127316 +127788 44 20 1
a contact +127316 +127788 20 44 1
a contact +133165 +133850 44 20 1
a contact +133165 +133850 20 44 1
a contact +139144 +139905 44 20 1
a contact +139144 +139905 20 44 1
a contact +145245 +145964 44 20 1
a contact +145245 +145964 20 44 1
a contact +151450 +152043 44 20 1
a contact +151450 +152043 20 44 1
a contact +157690 +158178 44 20 1
a contact +157690 +158178 20 44 1
a contact +163859 +164402 44 20 1
a contact +163859 +164402 20 44 1
a contact +169953 +170635 44 20 1
a contact +169953 +170635 20 44 1
a contact +176017 +176781 44 20 1
a contact +176017 +176781 20 44 1
a contact +182072 +182810 44 20 1
a contact +182072 +182810 20 44 1
a contact +188129 +188711 44 20 1
a contact +188129 +188711 20 44 1
a contact +194217 +194467 44 20 1
a contact +194217 +194467 20 44 1
a contact +211793 +212169 44 20 1
a contact +211793 +212169 20 44 1
a contact +217601 +218239 44 20 1
a contact +217601 +218239 20 44 1
a contact +223543 +224295 44 20 1
a contact +223543 +224295 20 44 1
a contact +229609 +230351 44 20 1
a contact +229609 +230351 20 44 1
a contact +235788 +236422 44 20 1
a contact +235788 +236422 20 44 1
a contact +242029 +242535 44 20 1
a contact +242029 +242535 20 44 1
a contact +248225 +248736 44 20 1
a contact +248225 +248736 20 44 1
a contact +254336 +254978 44 20 1
a contact +254336 +254978 20 44 1
a contact +260406 +261156 44 20 1
a contact +260406 +261156 20 44 1
a contact +266462 +267220 44 20 1
a contact +266462 +267220 20 44 1
a contact +272517 +273159 44 20 1
a contact +272517 +273159 20 44 1
a contact +278587 +278964 44 20 1
a contact +278587 +278964 20 44 1
a contact +296290 +296540 44 20 1
a contact +296290 +296540 20 44 1
a contact +302049 +302628 44 20 1
a contact +302049 +302628 20 44 1
a contact +307952 +308685 44 20 1
a contact +307952 +308685 20 44 1
a contact +313983 +314740 44 20 1
a contact +313983 +314740 20 44 1
a contact +320131 +320805 44 20 1
a contact +320131 +320805 20 44 1
a contact +326363 +326901 44 20 1
a contact +326363 +326901 20 44 1
a contact +332584 +333074 44 20 1
a contact +332584 +333074 20 44 1
a contact +338716 +339316 44 20 1
a contact +338716 +339316 20 44 1
a contact +344793 +345520 44 20 1
a contact +344793 +345520 20 44 1
a contact +350852 +351620 44 20 1
a contact +350852 +351620 20 44 1
a contact +356906 +357596 44 20 1
a contact +356906 +357596 20 44 1
a contact +362969 +363443 44 20 1
a contact +362969 +363443 20 44 1
a contact +386508 +387014 44 20 1
a contact +386508 +387014 20 44 1
a contact +392373 +393075 44 20 1
a contact +392373 +393075 20 44 1
a contact +398367 +399129 44 20 1
a contact +398367 +399129 20 44 1
a contact +404483 +405190 44 20 1
a contact +404483 +405190 20 44 1
a contact +410697 +411273 44 20 1
a contact +410697 +411273 20 44 1
a contact +416933 +417419 44 20 1
a contact +416933 +417419 20 44 1
a contact +423091 +423650 44 20 1
a contact +423091 +423650 20 44 1
a contact +429180 +429876 44 20 1
a contact +429180 +429876 20 44 1
a contact +435242 +436009 44 20 1
a contact +435242 +436009 20 44 1
a contact +441296 +442023 44 20 1
a contact +441296 +442023 20 44 1
a contact +447354 +447908 44 20 1
a contact +447354 +447908 20 44 1
a contact +453458 +453636 44 20 1
a contact +453458 +453636 20 44 1
a contact +470980 +471398 44 20 1
a contact +470980 +471398 20 44 1
a contact +476805 +477464 44 20 1
a contact +476805 +477464 20 44 1
a contact +482762 +483519 44 20 1
a contact +482762 +483519 20 44 1
a contact +488843 +489577 44 20 1
a contact +488843 +489577 20 44 1
a contact +495033 +495651 44 20 1
a contact +495033 +495651 20 44 1
a contact +501275 +501772 44 20 1
a contact +501275 +501772 20 44 1
a contact +507460 +507983 44 20 1
a contact +507460 +507983 20 44 1
a contact +513564 +514223 44 20 1
a contact +513564 +514223 20 44 1
a contact +519631 +520388 44 20 1
a contact +519631 +520388 20 44 1
a contact +525687 +526438 44 20 1
a contact +525687 +526438 20 44 1
a contact +531742 +532361 44 20 1
a contact +531742 +532361 20 44 1
a contact +537818 +538147 44 20 1
a contact +537818 +538147 20 44 1
a contact +555468 +555775 44 20 1
a contact +555468 +555775 20 44 1
a contact +561248 +561853 44 20 1
a contact +561248 +561853 20 44 1
a contact +567167 +567909 44 20 1
a contact +567167 +567909 20 44 1
a contact +573213 +573965 44 20 1
a contact +573213 +573965 20 44 1
a contact +579374 +580032 44 20 1
a contact +579374 +580032 20 44 1
a contact +585611 +586134 44 20 1
a contact +585611 +586134 20 44 1
a contact +591822 +592319 44 20 1
a contact +591822 +592319 20 44 1
a contact +597945 +598563 44 20 1
a contact +597945 +598563 20 44 1
a contact +604019 +604757 44 20 1
a contact +604019 +604757 20 44 1
