a contact +0 +604800 2 1 1
a contact +0 +604800 1 2 1
a contact +0 +604800 44 45 1
a contact +0 +604800 45 44 1
a contact +0 +604800 45 46 1
a contact +0 +604800 46 45 1
a contact +0 +604800 46 47 1
a contact +0 +604800 47 46 1
a contact +0 +604800 47 48 1
a contact +0 +604800 48 47 1
a contact +4069 +4733 44 2 1
a contact +4069 +4733 2 44 1
a contact +10158 +10895 44 2 1
a contact +10158 +10895 2 44 1
a contact +16221 +16983 44 2 1
a contact +16221 +16983 2 44 1
a contact +22270 +22976 44 2 1
a contact +22270 +22976 2 44 1
a contact +28310 +28875 44 2 1
a contact +28310 +28875 2 44 1
a contact +34334 +34702 44 2 1
a contact +34334 +34702 2 44 1
a contact +40298 +40538 44 2 1
a contact +40298 +40538 2 44 1
a contact +46130 +46505 44 2 1
a contact +46130 +46505 2 44 1
a contact +51956 +52530 44 2 1
a contact +51956 +52530 2 44 1
a contact +57856 +58570 44 2 1
a contact +57856 +58570 2 44 1
a contact +63851 +64619 44 2 1
a contact +63851 +64619 2 44 1
a contact +69940 +70682 44 2 1
a contact +69940 +70682 2 44 1
a contact +76104 +76770 44 2 1
a contact +76104 +76770 2 44 1
a contact +82292 +82903 44 2 1
a contact +82292 +82903 2 44 1
a contact +88442 +89083 44 2 1
a contact +88442 +89083 2 44 1
a contact +94541 +95259 44 2 1
a contact +94541 +95259 2 44 1
a contact +100610 +101373 44 2 1
a contact +100610 +101373 2 44 1
a contact +106663 +107394 44 2 1
a contact +106663 +107394 2 44 1
a contact +112705 +113320 44 2 1
a contact +112705 +113320 2 44 1
a contact +118736 +119163 44 2 1
a contact +118736 +119163 2 44 1
a contact +124728 +124981 44 2 1
a contact +124728 +124981 2 44 1
a contact +130592 +130910 44 2 1
a contact +130592 +130910 2 44 1
a contact +136407 +136926 44 2 1
a contact +136407 +136926 2 44 1
a contact +142282 +142963 44 2 1
a contact +142282 +142963 2 44 1
a contact +148248 +149009 44 2 1
a contact +148248 +149009 2 44 1
a contact +154311 +155067 44 2 1
a contact +154311 +155067 2 44 1
a contact +160457 +161146 44 2 1
a contact +160457 +161146 2 44 1
a contact +166645 +167265 44 2 1
a contact +166645 +167265 2 44 1
a contact +172809 +173434 44 2 1
a contact +172809 +173434 2 44 1
a contact +178922 +179618 44 2 1
a contact +178922 +179618 2 44 1
a contact +184998 +185754 44 2 1
a contact +184998 +185754 2 44 1
a contact +191054 +191804 44 2 1
a contact +191054 +191804 2 44 1
a contact +197100 +197757 44 2 1
a contact +197100 +197757 2 44 1
a contact +203135 +203622 44 2 1
a contact +203135 +203622 2 44 1
a contact +209145 +209436 44 2 1
a contact +209145 +209436 2 44 1
a contact +215051 +215322 44 2 1
a contact +215051 +215322 2 44 1
a contact +220864 +221324 44 2 1
a contact +220864 +221324 2 44 1
a contact +226716 +227357 44 2 1
a contact +226716 +227357 2 44 1
a contact +232654 +233401 44 2 1
a contact +232654 +233401 2 44 1
a contact +238689 +239455 44 2 1
a contact +238689 +239455 2 44 1
a contact +244813 +245526 44 2 1
a contact +244813 +245526 2 44 1
a contact +250995 +251631 44 2 1
a contact +250995 +251631 2 44 1
a contact +257172 +257786 44 2 1
a contact +257172 +257786 2 44 1
a contact +263300 +263973 44 2 1
a contact +263300 +263973 2 44 1
a contact +269384 +270128 44 2 1
a contact +269384 +270128 2 44 1
a contact +275445 +276205 44 2 1
a contact +275445 +276205 2 44 1
a contact +281493 +282187 44 2 1
a contact +281493 +282187 2 44 1
a contact +287532 +288075 44 2 1
a contact +287532 +288075 2 44 1
a contact +293553 +293897 44 2 1
a contact +293553 +293897 2 44 1
a contact +299501 +299745 44 2 1
a contact +299501 +299745 2 44 1
a contact +305325 +305724 44 2 1
a contact +305325 +305724 2 44 1
a contact +311158 +311752 44 2 1
a contact +311158 +311752 2 44 1
a contact +317068 +317793 44 2 1
a contact +317068 +317793 2 44 1
a contact +323075 +323844 44 2 1
a contact +323075 +323844 2 44 1
a contact +329175 +329909 44 2 1
a contact +329175 +329909 2 44 1
a contact +335345 +336001 44 2 1
a contact +335345 +336001 2 44 1
a contact +341531 +342141 44 2 1
a contact +341531 +342141 2 44 1
a contact +347674 +348324 44 2 1
a contact +347674 +348324 2 44 1
a contact +353769 +354495 44 2 1
a contact +353769 +354495 2 44 1
a contact +359835 +360598 44 2 1
a contact +359835 +360598 2 44 1
a contact +365886 +366608 44 2 1
a contact +365886 +366608 2 44 1
a contact +371928 +372523 44 2 1
a contact +371928 +372523 2 44 1
a contact +377956 +378359 44 2 1
a contact +377956 +378359 2 44 1
a contact +383937 +384182 44 2 1
a contact +383937 +384182 2 44 1
a contact +389787 +390127 44 2 1
a contact +389787 +390127 2 44 1
a contact +395606 +396148 44 2 1
a contact +395606 +396148 2 44 1
a contact +401491 +402186 44 2 1
a contact +401491 +402186 2 44 1
a contact +407469 +408233 44 2 1
a contact +407469 +408233 2 44 1
a contact +413542 +414294 44 2 1
a contact +413542 +414294 2 44 1
a contact +419696 +420376 44 2 1
a contact +419696 +420376 2 44 1
a contact +425885 +426500 44 2 1
a contact +425885 +426500 2 44 1
a contact +432044 +432675 44 2 1
a contact +432044 +432675 2 44 1
a contact +438151 +438856 44 2 1
a contact +438151 +438856 2 44 1
a contact +444224 +444983 44 2 1
a contact +444224 +444983 2 44 1
a contact +450278 +451021 44 2 1
a contact +450278 +451021 2 44 1
a contact +456322 +456963 44 2 1
a contact +456322 +456963 2 44 1
a contact +462356 +462819 44 2 1
a contact +462356 +462819 2 44 1
a contact +468359 +468633 44 2 1
a contact +468359 +468633 2 44 1
a contact +474248 +474536 44 2 1
a contact +474248 +474536 2 44 1
a contact +480060 +480545 44 2 1
a contact +480060 +480545 2 44 1
a contact +485921 +486580 44 2 1
a contact +485921 +486580 2 44 1
a contact +491871 +492624 44 2 1
a contact +491871 +492624 2 44 1
a contact +497917 +498680 44 2 1
a contact +497917 +498680 2 44 1
a contact +504051 +504755 44 2 1
a contact +504051 +504755 2 44 1
a contact +510236 +510864 44 2 1
a contact +510236 +510864 2 44 1
a contact +516409 +517026 44 2 1
a contact +516409 +517026 2 44 1
a contact +522530 +523212 44 2 1
a contact +522530 +523212 2 44 1
a contact +528611 +529360 44 2 1
a contact +528611 +529360 2 44 1
a contact +534670 +535426 44 2 1
a contact +534670 +535426 2 44 1
a contact +540716 +541396 44 2 1
a contact +540716 +541396 2 44 1
a contact +546753 +547274 44 2 1
a contact +546753 +547274 2 44 1
a contact +552771 +553092 44 2 1
a contact +552771 +553092 2 44 1
a contact +558702 +558954 44 2 1
a contact +558702 +558954 2 44 1
a contact +564520 +564944 44 2 1
a contact +564520 +564944 2 44 1
a contact +570360 +570974 44 2 1
a contact +570360 +570974 2 44 1
a contact +576282 +577016 44 2 1
a contact +576282 +577016 2 44 1
a contact +582300 +583068 44 2 1
a contact +582300 +583068 2 44 1
a contact +588410 +589136 44 2 1
a contact +588410 +589136 2 44 1
a contact +594586 +595233 44 2 1
a contact +594586 +595233 2 44 1
a contact +600769 +601379 44 2 1
a contact +600769 +601379 2 44 1
a contact +3516 +4172 45 2 1
a contact +3516 +4172 2 45 1
a contact +9607 +10339 45 2 1
a contact +9607 +10339 2 45 1
a contact +15672 +16435 45 2 1
a contact +15672 +16435 2 45 1
a contact +21722 +22437 45 2 1
a contact +21722 +22437 2 45 1
a contact +27763 +28344 45 2 1
a contact +27763 +28344 2 45 1
a contact +33790 +34176 45 2 1
a contact +33790 +34176 2 45 1
a contact +39763 +40004 45 2 1
a contact +39763 +40004 2 45 1
a contact +45604 +45960 45 2 1
a contact +45604 +45960 2 45 1
a contact +51426 +51983 45 2 1
a contact +51426 +51983 2 45 1
a contact +57318 +58022 45 2 1
a contact +57318 +58022 2 45 1
a contact +63304 +64070 45 2 1
a contact +63304 +64070 2 45 1
a contact +69385 +70132 45 2 1
a contact +69385 +70132 2 45 1
a contact +75544 +76217 45 2 1
a contact +75544 +76217 2 45 1
a contact +81732 +82345 45 2 1
a contact +81732 +82345 2 45 1
a contact +87887 +88523 45 2 1
a contact +87887 +88523 2 45 1
a contact +93990 +94702 45 2 1
a contact +93990 +94702 2 45 1
a contact +100061 +100822 45 2 1
a contact +100061 +100822 2 45 1
a contact +106115 +106853 45 2 1
a contact +106115 +106853 2 45 1
a contact +112158 +112787 45 2 1
a contact +112158 +112787 2 45 1
a contact +118190 +118636 45 2 1
a contact +118190 +118636 2 45 1
a contact +124189 +124451 45 2 1
a contact +124189 +124451 2 45 1
a contact +130066 +130367 45 2 1
a contact +130066 +130367 2 45 1
a contact +135879 +136380 45 2 1
a contact +135879 +136380 2 45 1
a contact +141746 +142416 45 2 1
a contact +141746 +142416 2 45 1
a contact +147704 +148461 45 2 1
a contact +147704 +148461 2 45 1
a contact +153758 +154518 45 2 1
a contact +153758 +154518 2 45 1
a contact +159897 +160594 45 2 1
a contact +159897 +160594 2 45 1
a contact +166084 +166708 45 2 1
a contact +166084 +166708 2 45 1
a contact +172253 +172873 45 2 1
a contact +172253 +172873 2 45 1
a contact +178370 +179059 45 2 1
a contact +178370 +179059 2 45 1
a contact +184448 +185201 45 2 1
a contact +184448 +185201 2 45 1
a contact +190506 +191260 45 2 1
a contact +190506 +191260 2 45 1
a contact +196552 +197222 45 2 1
a contact +196552 +197222 2 45 1
a contact +202588 +203093 45 2 1
a contact +202588 +203093 2 45 1
a contact +208602 +208909 45 2 1
a contact +208602 +208909 2 45 1
a contact +214522 +214782 45 2 1
a contact +214522 +214782 2 45 1
a contact +220337 +220778 45 2 1
a contact +220337 +220778 2 45 1
a contact +226183 +226810 45 2 1
a contact +226183 +226810 2 45 1
a contact +232112 +232853 45 2 1
a contact +232112 +232853 2 45 1
a contact +238138 +238906 45 2 1
a contact +238138 +238906 2 45 1
a contact +244255 +244975 45 2 1
a contact +244255 +244975 2 45 1
a contact +250434 +251076 45 2 1
a contact +250434 +251076 2 45 1
a contact +256614 +257226 45 2 1
a contact +256614 +257226 2 45 1
a contact +262747 +263412 45 2 1
a contact +262747 +263412 2 45 1
a contact +268834 +269573 45 2 1
a contact +268834 +269573 2 45 1
a contact +274897 +275658 45 2 1
a contact +274897 +275658 2 45 1
a contact +280946 +281649 45 2 1
a contact +280946 +281649 2 45 1
a contact +286985 +287545 45 2 1
a contact +286985 +287545 2 45 1
a contact +293009 +293370 45 2 1
a contact +293009 +293370 2 45 1
a contact +298968 +299209 45 2 1
a contact +298968 +299209 2 45 1
a contact +304798 +305179 45 2 1
a contact +304798 +305179 2 45 1
a contact +310626 +311205 45 2 1
a contact +310626 +311205 2 45 1
a contact +316529 +317245 45 2 1
a contact +316529 +317245 2 45 1
a contact +322526 +323295 45 2 1
a contact +322526 +323295 2 45 1
a contact +328619 +329358 45 2 1
a contact +328619 +329358 2 45 1
a contact +334784 +335448 45 2 1
a contact +334784 +335448 2 45 1
a contact +340971 +341582 45 2 1
a contact +340971 +341582 2 45 1
a contact +347119 +347763 45 2 1
a contact +347119 +347763 2 45 1
a contact +353218 +353938 45 2 1
a contact +353218 +353938 2 45 1
a contact +359286 +360049 45 2 1
a contact +359286 +360049 2 45 1
a contact +365338 +366068 45 2 1
a contact +365338 +366068 2 45 1
a contact +371381 +371991 45 2 1
a contact +371381 +371991 2 45 1
a contact +377411 +377832 45 2 1
a contact +377411 +377832 2 45 1
a contact +383400 +383651 45 2 1
a contact +383400 +383651 2 45 1
a contact +389261 +389584 45 2 1
a contact +389261 +389584 2 45 1
a contact +395077 +395601 45 2 1
a contact +395077 +395601 2 45 1
a contact +400954 +401638 45 2 1
a contact +400954 +401638 2 45 1
a contact +406923 +407685 45 2 1
a contact +406923 +407685 2 45 1
a contact +412988 +413744 45 2 1
a contact +412988 +413744 2 45 1
a contact +419137 +419824 45 2 1
a contact +419137 +419824 2 45 1
a contact +425324 +425943 45 2 1
a contact +425324 +425943 2 45 1
a contact +431488 +432114 45 2 1
a contact +431488 +432114 2 45 1
a contact +437599 +438298 45 2 1
a contact +437599 +438298 2 45 1
a contact +443674 +444431 45 2 1
a contact +443674 +444431 2 45 1
a contact +449730 +450478 45 2 1
a contact +449730 +450478 2 45 1
a contact +455775 +456429 45 2 1
a contact +455775 +456429 2 45 1
a contact +461810 +462291 45 2 1
a contact +461810 +462291 2 45 1
a contact +467818 +468105 45 2 1
a contact +467818 +468105 2 45 1
a contact +473720 +473995 45 2 1
a contact +473720 +473995 2 45 1
a contact +479533 +479999 45 2 1
a contact +479533 +479999 2 45 1
a contact +485387 +486032 45 2 1
a contact +485387 +486032 2 45 1
a contact +491328 +492076 45 2 1
a contact +491328 +492076 2 45 1
a contact +497366 +498131 45 2 1
a contact +497366 +498131 2 45 1
a contact +503492 +504203 45 2 1
a contact +503492 +504203 2 45 1
a contact +509675 +510309 45 2 1
a contact +509675 +510309 2 45 1
a contact +515851 +516466 45 2 1
a contact +515851 +516466 2 45 1
a contact +521977 +522652 45 2 1
a contact +521977 +522652 2 45 1
a contact +528061 +528806 45 2 1
a contact +528061 +528806 2 45 1
a contact +534121 +534880 45 2 1
a contact +534121 +534880 2 45 1
a contact +540169 +540859 45 2 1
a contact +540169 +540859 2 45 1
a contact +546207 +546745 45 2 1
a contact +546207 +546745 2 45 1
a contact +552227 +552565 45 2 1
a contact +552227 +552565 2 45 1
a contact +558171 +558416 45 2 1
a contact +558171 +558416 2 45 1
a contact +563993 +564399 45 2 1
a contact +563993 +564399 2 45 1
a contact +569828 +570427 45 2 1
a contact +569828 +570427 2 45 1
a contact +575741 +576469 45 2 1
a contact +575741 +576469 2 45 1
a contact +581750 +582519 45 2 1
a contact +581750 +582519 2 45 1
a contact +587853 +588585 45 2 1
a contact +587853 +588585 2 45 1
a contact +594025 +594679 45 2 1
a contact +594025 +594679 2 45 1
a contact +600210 +600820 45 2 1
a contact +600210 +600820 2 45 1
a contact +2961 +3610 46 2 1
a contact +2961 +3610 2 46 1
a contact +9056 +9782 46 2 1
a contact +9056 +9782 2 46 1
a contact +15122 +15886 46 2 1
a contact +15122 +15886 2 46 1
a contact +21174 +21897 46 2 1
a contact +21174 +21897 2 46 1
a contact +27215 +27812 46 2 1
a contact +27215 +27812 2 46 1
a contact +33244 +33648 46 2 1
a contact +33244 +33648 2 46 1
a contact +39226 +39471 46 2 1
a contact +39226 +39471 2 46 1
a contact +45077 +45415 46 2 1
a contact +45077 +45415 2 46 1
a contact +50895 +51436 46 2 1
a contact +50895 +51436 2 46 1
a contact +56779 +57473 46 2 1
a contact +56779 +57473 2 46 1
a contact +62756 +63521 46 2 1
a contact +62756 +63521 2 46 1
a contact +68829 +69581 46 2 1
a contact +68829 +69581 2 46 1
a contact +74983 +75663 46 2 1
a contact +74983 +75663 2 46 1
a contact +81171 +81787 46 2 1
a contact +81171 +81787 2 46 1
a contact +87330 +87961 46 2 1
a contact +87330 +87961 2 46 1
a contact +93438 +94143 46 2 1
a contact +93438 +94143 2 46 1
a contact +99511 +100270 46 2 1
a contact +99511 +100270 2 46 1
a contact +105566 +106309 46 2 1
a contact +105566 +106309 2 46 1
a contact +111610 +112252 46 2 1
a contact +111610 +112252 2 46 1
a contact +117643 +118108 46 2 1
a contact +117643 +118108 2 46 1
a contact +123648 +123922 46 2 1
a contact +123648 +123922 2 46 1
a contact +129537 +129824 46 2 1
a contact +129537 +129824 2 46 1
a contact +135350 +135833 46 2 1
a contact +135350 +135833 2 46 1
a contact +141210 +141867 46 2 1
a contact +141210 +141867 2 46 1
a contact +147159 +147912 46 2 1
a contact +147159 +147912 2 46 1
a contact +153204 +153968 46 2 1
a contact +153204 +153968 2 46 1
a contact +159337 +160042 46 2 1
a contact +159337 +160042 2 46 1
a contact +165522 +166151 46 2 1
a contact +165522 +166151 2 46 1
a contact +171695 +172312 46 2 1
a contact +171695 +172312 2 46 1
a contact +177817 +178499 46 2 1
a contact +177817 +178499 2 46 1
a contact +183898 +184647 46 2 1
a contact +183898 +184647 2 46 1
a contact +189957 +190714 46 2 1
a contact +189957 +190714 2 46 1
a contact +196004 +196685 46 2 1
a contact +196004 +196685 2 46 1
a contact +202041 +202564 46 2 1
a contact +202041 +202564 2 46 1
a contact +208059 +208381 46 2 1
a contact +208059 +208381 2 46 1
a contact +213992 +214242 46 2 1
a contact +213992 +214242 2 46 1
a contact +219809 +220232 46 2 1
a contact +219809 +220232 2 46 1
a contact +225649 +226262 46 2 1
a contact +225649 +226262 2 46 1
a contact +231570 +232304 46 2 1
a contact +231570 +232304 2 46 1
a contact +237587 +238356 46 2 1
a contact +237587 +238356 2 46 1
a contact +243697 +244423 46 2 1
a contact +243697 +244423 2 46 1
a contact +249872 +250520 46 2 1
a contact +249872 +250520 2 46 1
a contact +256055 +256666 46 2 1
a contact +256055 +256666 2 46 1
a contact +262192 +262851 46 2 1
a contact +262192 +262851 2 46 1
a contact +268283 +269017 46 2 1
a contact +268283 +269017 2 46 1
a contact +274347 +275110 46 2 1
a contact +274347 +275110 2 46 1
a contact +280397 +281109 46 2 1
a contact +280397 +281109 2 46 1
a contact +286437 +287014 46 2 1
a contact +286437 +287014 2 46 1
a contact +292463 +292843 46 2 1
a contact +292463 +292843 2 46 1
a contact +298433 +298674 46 2 1
a contact +298433 +298674 2 46 1
a contact +304271 +304634 46 2 1
a contact +304271 +304634 2 46 1
a contact +310095 +310657 46 2 1
a contact +310095 +310657 2 46 1
a contact +315989 +316697 46 2 1
a contact +315989 +316697 2 46 1
a contact +321978 +322745 46 2 1
a contact +321978 +322745 2 46 1
a contact +328062 +328807 46 2 1
a contact +328062 +328807 2 46 1
a contact +334223 +334893 46 2 1
a contact +334223 +334893 2 46 1
a contact +340411 +341023 46 2 1
a contact +340411 +341023 2 46 1
a contact +346564 +347202 46 2 1
a contact +346564 +347202 2 46 1
a contact +352666 +353380 46 2 1
a contact +352666 +353380 2 46 1
a contact +358736 +359498 46 2 1
a contact +358736 +359498 2 46 1
a contact +364790 +365525 46 2 1
a contact +364790 +365525 2 46 1
a contact +370833 +371457 46 2 1
a contact +370833 +371457 2 46 1
a contact +376864 +377304 46 2 1
a contact +376864 +377304 2 46 1
a contact +382861 +383120 46 2 1
a contact +382861 +383120 2 46 1
a contact +388733 +389040 46 2 1
a contact +388733 +389040 2 46 1
a contact +394547 +395054 46 2 1
a contact +394547 +395054 2 46 1
a contact +400417 +401090 46 2 1
a contact +400417 +401090 2 46 1
a contact +406377 +407136 46 2 1
a contact +406377 +407136 2 46 1
a contact +412434 +413193 46 2 1
a contact +412434 +413193 2 46 1
a contact +418576 +419270 46 2 1
a contact +418576 +419270 2 46 1
a contact +424763 +425386 46 2 1
a contact +424763 +425386 2 46 1
a contact +430931 +431552 46 2 1
a contact +430931 +431552 2 46 1
a contact +437046 +437738 46 2 1
a contact +437046 +437738 2 46 1
a contact +443124 +443878 46 2 1
a contact +443124 +443878 2 46 1
a contact +449181 +449933 46 2 1
a contact +449181 +449933 2 46 1
a contact +455227 +455892 46 2 1
a contact +455227 +455892 2 46 1
a contact +461263 +461762 46 2 1
a contact +461263 +461762 2 46 1
a contact +467275 +467577 46 2 1
a contact +467275 +467577 2 46 1
a contact +473191 +473454 46 2 1
a contact +473191 +473454 2 46 1
a contact +479005 +479452 46 2 1
a contact +479005 +479452 2 46 1
a contact +484852 +485484 46 2 1
a contact +484852 +485484 2 46 1
a contact +490785 +491527 46 2 1
a contact +490785 +491527 2 46 1
a contact +496814 +497581 46 2 1
a contact +496814 +497581 2 46 1
a contact +502933 +503651 46 2 1
a contact +502933 +503651 2 46 1
a contact +509113 +509753 46 2 1
a contact +509113 +509753 2 46 1
a contact +515293 +515905 46 2 1
a contact +515293 +515905 2 46 1
a contact +521423 +522091 46 2 1
a contact +521423 +522091 2 46 1
a contact +527510 +528250 46 2 1
a contact +527510 +528250 2 46 1
a contact +533572 +534333 46 2 1
a contact +533572 +534333 2 46 1
a contact +539620 +540320 46 2 1
a contact +539620 +540320 2 46 1
a contact +545659 +546214 46 2 1
a contact +545659 +546214 2 46 1
a contact +551682 +552038 46 2 1
a contact +551682 +552038 2 46 1
a contact +557638 +557879 46 2 1
a contact +557638 +557879 2 46 1
a contact +563466 +563853 46 2 1
a contact +563466 +563853 2 46 1
a contact +569295 +569880 46 2 1
a contact +569295 +569880 2 46 1
a contact +575201 +575920 46 2 1
a contact +575201 +575920 2 46 1
a contact +581201 +581970 46 2 1
a contact +581201 +581970 2 46 1
a contact +587296 +588034 46 2 1
a contact +587296 +588034 2 46 1
a contact +593463 +594124 46 2 1
a contact +593463 +594124 2 46 1
a contact +599650 +600261 46 2 1
a contact +599650 +600261 2 46 1
a contact +2404 +3047 47 2 1
a contact +2404 +3047 2 47 1
a contact +8503 +9223 47 2 1
a contact +8503 +9223 2 47 1
a contact +14571 +15334 47 2 1
a contact +14571 +15334 2 47 1
a contact +20624 +21354 47 2 1
a contact +20624 +21354 2 47 1
a contact +26666 +27278 47 2 1
a contact +26666 +27278 2 47 1
a contact +32696 +33120 47 2 1
a contact +32696 +33120 2 47 1
a contact +38687 +38938 47 2 1
a contact +38687 +38938 2 47 1
a contact +44548 +44870 47 2 1
a contact +44548 +44870 2 47 1
a contact +50364 +50887 47 2 1
a contact +50364 +50887 2 47 1
a contact +56241 +56924 47 2 1
a contact +56241 +56924 2 47 1
a contact +62209 +62970 47 2 1
a contact +62209 +62970 2 47 1
a contact +68273 +69029 47 2 1
a contact +68273 +69029 2 47 1
a contact +74421 +75109 47 2 1
a contact +74421 +75109 2 47 1
a contact +80608 +81228 47 2 1
a contact +80608 +81228 2 47 1
a contact +86772 +87398 47 2 1
a contact +86772 +87398 2 47 1
a contact +92884 +93582 47 2 1
a contact +92884 +93582 2 47 1
a contact +98959 +99716 47 2 1
a contact +98959 +99716 2 47 1
a contact +105016 +105764 47 2 1
a contact +105016 +105764 2 47 1
a contact +111061 +111715 47 2 1
a contact +111061 +111715 2 47 1
a contact +117095 +117578 47 2 1
a contact +117095 +117578 2 47 1
a contact +123104 +123392 47 2 1
a contact +123104 +123392 2 47 1
a contact +129008 +129281 47 2 1
a contact +129008 +129281 2 47 1
a contact +134820 +135285 47 2 1
a contact +134820 +135285 2 47 1
a contact +140674 +141318 47 2 1
a contact +140674 +141318 2 47 1
a contact +146614 +147362 47 2 1
a contact +146614 +147362 2 47 1
a contact +152651 +153416 47 2 1
a contact +152651 +153416 2 47 1
a contact +158777 +159488 47 2 1
a contact +158777 +159488 2 47 1
a contact +164959 +165593 47 2 1
a contact +164959 +165593 2 47 1
a contact +171136 +171750 47 2 1
a contact +171136 +171750 2 47 1
a contact +177262 +177936 47 2 1
a contact +177262 +177936 2 47 1
a contact +183346 +184091 47 2 1
a contact +183346 +184091 2 47 1
a contact +189406 +190166 47 2 1
a contact +189406 +190166 2 47 1
a contact +195454 +196146 47 2 1
a contact +195454 +196146 2 47 1
a contact +201492 +202032 47 2 1
a contact +201492 +202032 2 47 1
a contact +207513 +207853 47 2 1
a contact +207513 +207853 2 47 1
a contact +213459 +213703 47 2 1
a contact +213459 +213703 2 47 1
a contact +219281 +219685 47 2 1
a contact +219281 +219685 2 47 1
a contact +225115 +225713 47 2 1
a contact +225115 +225713 2 47 1
a contact +231027 +231754 47 2 1
a contact +231027 +231754 2 47 1
a contact +237036 +237805 47 2 1
a contact +237036 +237805 2 47 1
a contact +243138 +243870 47 2 1
a contact +243138 +243870 2 47 1
a contact +249309 +249964 47 2 1
a contact +249309 +249964 2 47 1
a contact +255494 +256105 47 2 1
a contact +255494 +256105 2 47 1
a contact +261636 +262288 47 2 1
a contact +261636 +262288 2 47 1
a contact +267730 +268458 47 2 1
a contact +267730 +268458 2 47 1
a contact +273796 +274559 47 2 1
a contact +273796 +274559 2 47 1
a contact +279847 +280568 47 2 1
a contact +279847 +280568 2 47 1
a contact +285888 +286480 47 2 1
a contact +285888 +286480 2 47 1
a contact +291916 +292315 47 2 1
a contact +291916 +292315 2 47 1
a contact +297896 +298139 47 2 1
a contact +297896 +298139 2 47 1
a contact +303743 +304088 47 2 1
a contact +303743 +304088 2 47 1
a contact +309563 +310109 47 2 1
a contact +309563 +310109 2 47 1
a contact +315449 +316147 47 2 1
a contact +315449 +316147 2 47 1
a contact +321429 +322195 47 2 1
a contact +321429 +322195 2 47 1
a contact +327505 +328255 47 2 1
a contact +327505 +328255 2 47 1
a contact +333660 +334338 47 2 1
a contact +333660 +334338 2 47 1
a contact +339849 +340464 47 2 1
a contact +339849 +340464 2 47 1
a contact +346006 +346639 47 2 1
a contact +346006 +346639 2 47 1
a contact +352113 +352820 47 2 1
a contact +352113 +352820 2 47 1
a contact +358185 +358945 47 2 1
a contact +358185 +358945 2 47 1
a contact +364239 +364981 47 2 1
a contact +364239 +364981 2 47 1
a contact +370283 +370921 47 2 1
a contact +370283 +370921 2 47 1
a contact +376316 +376775 47 2 1
a contact +376316 +376775 2 47 1
a contact +382319 +382589 47 2 1
a contact +382319 +382589 2 47 1
a contact +388204 +388496 47 2 1
a contact +388204 +388496 2 47 1
a contact +394017 +394506 47 2 1
a contact +394017 +394506 2 47 1
a contact +399880 +400541 47 2 1
a contact +399880 +400541 2 47 1
a contact +405831 +406586 47 2 1
a contact +405831 +406586 2 47 1
a contact +411879 +412642 47 2 1
a contact +411879 +412642 2 47 1
a contact +418015 +418716 47 2 1
a contact +418015 +418716 2 47 1
a contact +424200 +424827 47 2 1
a contact +424200 +424827 2 47 1
a contact +430372 +430990 47 2 1
a contact +430372 +430990 2 47 1
a contact +436492 +437176 47 2 1
a contact +436492 +437176 2 47 1
a contact +442572 +443322 47 2 1
a contact +442572 +443322 2 47 1
a contact +448631 +449387 47 2 1
a contact +448631 +449387 2 47 1
a contact +454677 +455354 47 2 1
a contact +454677 +455354 2 47 1
a contact +460714 +461231 47 2 1
a contact +460714 +461231 2 47 1
a contact +466731 +467048 47 2 1
a contact +466731 +467048 2 47 1
a contact +472659 +472913 47 2 1
a contact +472659 +472913 2 47 1
a contact +478476 +478905 47 2 1
a contact +478476 +478905 2 47 1
a contact +484317 +484935 47 2 1
a contact +484317 +484935 2 47 1
a contact +490241 +490977 47 2 1
a contact +490241 +490977 2 47 1
a contact +496261 +497030 47 2 1
a contact +496261 +497030 2 47 1
a contact +502373 +503098 47 2 1
a contact +502373 +503098 2 47 1
a contact +508550 +509196 47 2 1
a contact +508550 +509196 2 47 1
a contact +514732 +515343 47 2 1
a contact +514732 +515343 2 47 1
a contact +520868 +521529 47 2 1
a contact +520868 +521529 2 47 1
a contact +526957 +527693 47 2 1
a contact +526957 +527693 2 47 1
a contact +533021 +533783 47 2 1
a contact +533021 +533783 2 47 1
a contact +539071 +539780 47 2 1
a contact +539071 +539780 2 47 1
a contact +545111 +545682 47 2 1
a contact +545111 +545682 2 47 1
a contact +551136 +551510 47 2 1
a contact +551136 +551510 2 47 1
a contact +557103 +557343 47 2 1
a contact +557103 +557343 2 47 1
a contact +562938 +563306 47 2 1
a contact +562938 +563306 2 47 1
a contact +568763 +569331 47 2 1
a contact +568763 +569331 2 47 1
a contact +574660 +575370 47 2 1
a contact +574660 +575370 2 47 1
a contact +580651 +581419 47 2 1
a contact +580651 +581419 2 47 1
a contact +586738 +587481 47 2 1
a contact +586738 +587481 2 47 1
a contact +592901 +593569 47 2 1
a contact +592901 +593569 2 47 1
a contact +599088 +599700 47 2 1
a contact +599088 +599700 2 47 1
a contact +1846 +2483 48 2 1
a contact +1846 +2483 2 48 1
a contact +7949 +8662 48 2 1
a contact +7949 +8662 2 48 1
a contact +14019 +14781 48 2 1
a contact +14019 +14781 2 48 1
a contact +20073 +20809 48 2 1
a contact +20073 +20809 2 48 1
a contact +26116 +26741 48 2 1
a contact +26116 +26741 2 48 1
a contact +32147 +32590 48 2 1
a contact +32147 +32590 2 48 1
a contact +38145 +38405 48 2 1
a contact +38145 +38405 2 48 1
a contact +44019 +44324 48 2 1
a contact +44019 +44324 2 48 1
a contact +49832 +50337 48 2 1
a contact +49832 +50337 2 48 1
a contact +55701 +56373 48 2 1
a contact +55701 +56373 2 48 1
a contact +61661 +62419 48 2 1
a contact +61661 +62419 2 48 1
a contact +67717 +68476 48 2 1
a contact +67717 +68476 2 48 1
a contact +73858 +74553 48 2 1
a contact +73858 +74553 2 48 1
a contact +80045 +80668 48 2 1
a contact +80045 +80668 2 48 1
a contact +86213 +86834 48 2 1
a contact +86213 +86834 2 48 1
a contact +92329 +93019 48 2 1
a contact +92329 +93019 2 48 1
a contact +98407 +99160 48 2 1
a contact +98407 +99160 2 48 1
a contact +104464 +105217 48 2 1
a contact +104464 +105217 2 48 1
a contact +110510 +111177 48 2 1
a contact +110510 +111177 2 48 1
a contact +116546 +117047 48 2 1
a contact +116546 +117047 2 48 1
a contact +122559 +122862 48 2 1
a contact +122559 +122862 2 48 1
a contact +128476 +128738 48 2 1
a contact +128476 +128738 2 48 1
a contact +134290 +134736 48 2 1
a contact +134290 +134736 2 48 1
a contact +140137 +140768 48 2 1
a contact +140137 +140768 2 48 1
a contact +146068 +146810 48 2 1
a contact +146068 +146810 2 48 1
a contact +152096 +152864 48 2 1
a contact +152096 +152864 2 48 1
a contact +158215 +158934 48 2 1
a contact +158215 +158934 2 48 1
a contact +164395 +165035 48 2 1
a contact +164395 +165035 2 48 1
a contact +170575 +171187 48 2 1
a contact +170575 +171187 2 48 1
a contact +176706 +177373 48 2 1
a contact +176706 +177373 2 48 1
a contact +182793 +183533 48 2 1
a contact +182793 +183533 2 48 1
a contact +188855 +189616 48 2 1
a contact +188855 +189616 2 48 1
a contact +194904 +195605 48 2 1
a contact +194904 +195605 2 48 1
a contact +200943 +201499 48 2 1
a contact +200943 +201499 2 48 1
a contact +206966 +207323 48 2 1
a contact +206966 +207323 2 48 1
a contact +212923 +213164 48 2 1
a contact +212923 +213164 2 48 1
a contact +218751 +219136 48 2 1
a contact +218751 +219136 2 48 1
a contact +224580 +225163 48 2 1
a contact +224580 +225163 2 48 1
a contact +230485 +231203 48 2 1
a contact +230485 +231203 2 48 1
a contact +236484 +237253 48 2 1
a contact +236484 +237253 2 48 1
a contact +242578 +243317 48 2 1
a contact +242578 +243317 2 48 1
a contact +248745 +249407 48 2 1
a contact +248745 +249407 2 48 1
a contact +254932 +255543 48 2 1
a contact +254932 +255543 2 48 1
a contact +261079 +261724 48 2 1
a contact +261079 +261724 2 48 1
a contact +267176 +267898 48 2 1
a contact +267176 +267898 2 48 1
a contact +273244 +274007 48 2 1
a contact +273244 +274007 2 48 1
a contact +279296 +280024 48 2 1
a contact +279296 +280024 2 48 1
a contact +285338 +285945 48 2 1
a contact +285338 +285945 2 48 1
a contact +291368 +291785 48 2 1
a contact +291368 +291785 2 48 1
a contact +297356 +297605 48 2 1
a contact +297356 +297605 2 48 1
a contact +303214 +303541 48 2 1
a contact +303214 +303541 2 48 1
a contact +309030 +309559 48 2 1
a contact +309030 +309559 2 48 1
a contact +314909 +315596 48 2 1
a contact +314909 +315596 2 48 1
a contact +320880 +321643 48 2 1
a contact +320880 +321643 2 48 1
a contact +326947 +327702 48 2 1
a contact +326947 +327702 2 48 1
a contact +333097 +333782 48 2 1
a contact +333097 +333782 2 48 1
a contact +339285 +339903 48 2 1
a contact +339285 +339903 2 48 1
a contact +345447 +346074 48 2 1
a contact +345447 +346074 2 48 1
a contact +351558 +352258 48 2 1
a contact +351558 +352258 2 48 1
a contact +357632 +358390 48 2 1
a contact +357632 +358390 2 48 1
a contact +363688 +364435 48 2 1
a contact +363688 +364435 2 48 1
a contact +369733 +370384 48 2 1
a contact +369733 +370384 2 48 1
a contact +375767 +376244 48 2 1
a contact +375767 +376244 2 48 1
a contact +381775 +382058 48 2 1
a contact +381775 +382058 2 48 1
a contact +387674 +387951 48 2 1
a contact +387674 +387951 2 48 1
a contact +393486 +393957 48 2 1
a contact +393486 +393957 2 48 1
a contact +399342 +399990 48 2 1
a contact +399342 +399990 2 48 1
a contact +405284 +406034 48 2 1
a contact +405284 +406034 2 48 1
a contact +411324 +412089 48 2 1
a contact +411324 +412089 2 48 1
a contact +417453 +418162 48 2 1
a contact +417453 +418162 2 48 1
a contact +423636 +424268 48 2 1
a contact +423636 +424268 2 48 1
a contact +429811 +430426 48 2 1
a contact +429811 +430426 2 48 1
a contact +435936 +436613 48 2 1
a contact +435936 +436613 2 48 1
a contact +442019 +442765 48 2 1
a contact +442019 +442765 2 48 1
a contact +448079 +448838 48 2 1
a contact +448079 +448838 2 48 1
a contact +454127 +454814 48 2 1
a contact +454127 +454814 2 48 1
a contact +460164 +460699 48 2 1
a contact +460164 +460699 2 48 1
a contact +466184 +466518 48 2 1
a contact +466184 +466518 2 48 1
a contact +472126 +472372 48 2 1
a contact +472126 +472372 2 48 1
a contact +477946 +478356 48 2 1
a contact +477946 +478356 2 48 1
a contact +483782 +484385 48 2 1
a contact +483782 +484385 2 48 1
a contact +489697 +490426 48 2 1
a contact +489697 +490426 2 48 1
a contact +495709 +496478 48 2 1
a contact +495709 +496478 2 48 1
a contact +501813 +502544 48 2 1
a contact +501813 +502544 2 48 1
a contact +507986 +508638 48 2 1
a contact +507986 +508638 2 48 1
a contact +514170 +514781 48 2 1
a contact +514170 +514781 2 48 1
a contact +520311 +520965 48 2 1
a contact +520311 +520965 2 48 1
a contact +526404 +527133 48 2 1
a contact +526404 +527133 2 48 1
a contact +532469 +533232 48 2 1
a contact +532469 +533232 2 48 1
a contact +538520 +539237 48 2 1
a contact +538520 +539237 2 48 1
a contact +544560 +545147 48 2 1
a contact +544560 +545147 2 48 1
a contact +550588 +550980 48 2 1
a contact +550588 +550980 2 48 1
a contact +556564 +556806 48 2 1
a contact +556564 +556806 2 48 1
a contact +562408 +562759 48 2 1
a contact +562408 +562759 2 48 1
a contact +568229 +568781 48 2 1
a contact +568229 +568781 2 48 1
a contact +574118 +574819 48 2 1
a contact +574118 +574819 2 48 1
a contact +580101 +580867 48 2 1
a contact +580101 +580867 2 48 1
a contact +586180 +586928 48 2 1
a contact +586180 +586928 2 48 1
a contact +592337 +593012 48 2 1
a contact +592337 +593012 2 48 1
a contact +598525 +599139 48 2 1
a contact +598525 +599139 2 48 1
a contact +604681 +604800 48 2 1
a contact +604681 +604800 2 48 1
