a contact +0 +604800 2 1 1
a contact +0 +604800 1 2 1
a contact +0 +604800 44 45 1
a contact +0 +604800 45 44 1
a contact +4069 +4733 44 2 1
a contact +4069 +4733 2 44 1
a contact +10158 +10895 44 2 1
a contact +10158 +10895 2 44 1
a contact +16221 +16983 44 2 1
a contact +16221 +16983 2 44 1
a contact +22270 +22976 44 2 1
a contact +22270 +22976 2 44 1
a contact +28310 +28875 44 2 1
a contact +28310 +28875 2 44 1
a contact +34334 +34702 44 2 1
a contact +34334 +34702 2 44 1
a contact +40298 +40538 44 2 1
a contact +40298 +40538 2 44 1
a contact +46130 +46505 44 2 1
a contact +46130 +46505 2 44 1
a contact +51956 +52530 44 2 1
a contact +51956 +52530 2 44 1
a contact +57856 +58570 44 2 1
a contact +57856 +58570 2 44 1
a contact +63851 +64619 44 2 1
a contact +63851 +64619 2 44 1
a contact +69940 +70682 44 2 1
a contact +69940 +70682 2 44 1
a contact +76104 +76770 44 2 1
a contact +76104 +76770 2 44 1
a contact +82292 +82903 44 2 1
a contact +82292 +82903 2 44 1
a contact +88442 +89083 44 2 1
a contact +88442 +89083 2 44 1
a contact +94541 +95259 44 2 1
a contact +94541 +95259 2 44 1
a contact +100610 +101373 44 2 1
a contact +100610 +101373 2 44 1
a contact +106663 +107394 44 2 1
a contact +106663 +107394 2 44 1
a contact +112705 +113320 44 2 1
a contact +112705 +113320 2 44 1
a contact +118736 +119163 44 2 1
a contact +118736 +119163 2 44 1
a contact +124728 +124981 44 2 1
a contact +124728 +124981 2 44 1
a contact +130592 +130910 44 2 1
a contact +130592 +130910 2 44 1
a contact +136407 +136926 44 2 1
a contact +136407 +136926 2 44 1
a contact +142282 +142963 44 2 1
a contact +142282 +142963 2 44 1
a contact +148248 +149009 44 2 1
a contact +148248 +149009 2 44 1
a contact +154311 +155067 44 2 1
a contact +154311 +155067 2 44 1
a contact +160457 +161146 44 2 1
a contact +160457 +161146 2 44 1
a contact +166645 +167265 44 2 1
a contact +166645 +167265 2 44 1
a contact +172809 +173434 44 2 1
a contact +172809 +173434 2 44 1
a contact +178922 +179618 44 2 1
a contact +178922 +179618 2 44 1
a contact +184998 +185754 44 2 1
a contact +184998 +185754 2 44 1
a contact +191054 +191804 44 2 1
a contact +191054 +191804 2 44 1
a contact +197100 +197757 44 2 1
a contact +197100 +197757 2 44 1
a contact +203135 +203622 44 2 1
a contact +203135 +203622 2 44 1
a contact +209145 +209436 44 2 1
a contact +209145 +209436 2 44 1
a contact +215051 +215322 44 2 1
a contact +215051 +215322 2 44 1
a contact +220864 +221324 44 2 1
a contact +220864 +221324 2 44 1
a contact +226716 +227357 44 2 1
a contact +226716 +227357 2 44 1
a contact +232654 +233401 44 2 1
a contact +232654 +233401 2 44 1
a contact +238689 +239455 44 2 1
a contact +238689 +239455 2 44 1
a contact +244813 +245526 44 2 1
a contact +244813 +245526 2 44 1
a contact +250995 +251631 44 2 1
a contact +250995 +251631 2 44 1
a contact +257172 +257786 44 2 1
a contact +257172 +257786 2 44 1
a contact +263300 +263973 44 2 1
a contact +263300 +263973 2 44 1
a contact +269384 +270128 44 2 1
a contact +269384 +270128 2 44 1
a contact +275445 +276205 44 2 1
a contact +275445 +276205 2 44 1
a contact +281493 +282187 44 2 1
a contact +281493 +282187 2 44 1
a contact +287532 +288075 44 2 1
a contact +287532 +288075 2 44 1
a contact +293553 +293897 44 2 1
a contact +293553 +293897 2 44 1
a contact +299501 +299745 44 2 1
a contact +299501 +299745 2 44 1
a contact +305325 +305724 44 2 1
a contact +305325 +305724 2 44 1
a contact +311158 +311752 44 2 1
a contact +311158 +311752 2 44 1
a contact +317068 +317793 44 2 1
a contact +317068 +317793 2 44 1
a contact +323075 +323844 44 2 1
a contact +323075 +323844 2 44 1
a contact +329175 +329909 44 2 1
a contact +329175 +329909 2 44 1
a contact +335345 +336001 44 2 1
a contact +335345 +336001 2 44 1
a contact +341531 +342141 44 2 1
a contact +341531 +342141 2 44 1
a contact +347674 +348324 44 2 1
a contact +347674 +348324 2 44 1
a contact +353769 +354495 44 2 1
a contact +353769 +354495 2 44 1
a contact +359835 +360598 44 2 1
a contact +359835 +360598 2 44 1
a contact +365886 +366608 44 2 1
a contact +365886 +366608 2 44 1
a contact +371928 +372523 44 2 1
a contact +371928 +372523 2 44 1
a contact +377956 +378359 44 2 1
a contact +377956 +378359 2 44 1
a contact +383937 +384182 44 2 1
a contact +383937 +384182 2 44 1
a contact +389787 +390127 44 2 1
a contact +389787 +390127 2 44 1
a contact +395606 +396148 44 2 1
a contact +395606 +396148 2 44 1
a contact +401491 +402186 44 2 1
a contact +401491 +402186 2 44 1
a contact +407469 +408233 44 2 1
a contact +407469 +408233 2 44 1
a contact +413542 +414294 44 2 1
a contact +413542 +414294 2 44 1
a contact +419696 +420376 44 2 1
a contact +419696 +420376 2 44 1
a contact +425885 +426500 44 2 1
a contact +425885 +426500 2 44 1
a contact +432044 +432675 44 2 1
a contact +432044 +432675 2 44 1
a contact +438151 +438856 44 2 1
a contact +438151 +438856 2 44 1
a contact +444224 +444983 44 2 1
a contact +444224 +444983 2 44 1
a contact +450278 +451021 44 2 1
a contact +450278 +451021 2 44 1
a contact +456322 +456963 44 2 1
a contact +456322 +456963 2 44 1
a contact +462356 +462819 44 2 1
a contact +462356 +462819 2 44 1
a contact +468359 +468633 44 2 1
a contact +468359 +468633 2 44 1
a contact +474248 +474536 44 2 1
a contact +474248 +474536 2 44 1
a contact +480060 +480545 44 2 1
a contact +480060 +480545 2 44 1
a contact +485921 +486580 44 2 1
a contact +485921 +486580 2 44 1
a contact +491871 +492624 44 2 1
a contact +491871 +492624 2 44 1
a contact +497917 +498680 44 2 1
a contact +497917 +498680 2 44 1
a contact +504051 +504755 44 2 1
a contact +504051 +504755 2 44 1
a contact +510236 +510864 44 2 1
a contact +510236 +510864 2 44 1
a contact +516409 +517026 44 2 1
a contact +516409 +517026 2 44 1
a contact +522530 +523212 44 2 1
a contact +522530 +523212 2 44 1
a contact +528611 +529360 44 2 1
a contact +528611 +529360 2 44 1
a contact +534670 +535426 44 2 1
a contact +534670 +535426 2 44 1
a contact +540716 +541396 44 2 1
a contact +540716 +541396 2 44 1
a contact +546753 +547274 44 2 1
a contact +546753 +547274 2 44 1
a contact +552771 +553092 44 2 1
a contact +552771 +553092 2 44 1
a contact +558702 +558954 44 2 1
a contact +558702 +558954 2 44 1
a contact +564520 +564944 44 2 1
a contact +564520 +564944 2 44 1
a contact +570360 +570974 44 2 1
a contact +570360 +570974 2 44 1
a contact +576282 +577016 44 2 1
a contact +576282 +577016 2 44 1
a contact +582300 +583068 44 2 1
a contact +582300 +583068 2 44 1
a contact +588410 +589136 44 2 1
a contact +588410 +589136 2 44 1
a contact +594586 +595233 44 2 1
a contact +594586 +595233 2 44 1
a contact +600769 +601379 44 2 1
a contact +600769 +601379 2 44 1
a contact +3516 +4172 45 2 1
a contact +3516 +4172 2 45 1
a contact +9607 +10339 45 2 1
a contact +9607 +10339 2 45 1
a contact +15672 +16435 45 2 1
a contact +15672 +16435 2 45 1
a contact +21722 +22437 45 2 1
a contact +21722 +22437 2 45 1
a contact +27763 +28344 45 2 1
a contact +27763 +28344 2 45 1
a contact +33790 +34176 45 2 1
a contact +33790 +34176 2 45 1
a contact +39763 +40004 45 2 1
a contact +39763 +40004 2 45 1
a contact +45604 +45960 45 2 1
a contact +45604 +45960 2 45 1
a contact +51426 +51983 45 2 1
a contact +51426 +51983 2 45 1
a contact +57318 +58022 45 2 1
a contact +57318 +58022 2 45 1
a contact +63304 +64070 45 2 1
a contact +63304 +64070 2 45 1
a contact +69385 +70132 45 2 1
a contact +69385 +70132 2 45 1
a contact +75544 +76217 45 2 1
a contact +75544 +76217 2 45 1
a contact +81732 +82345 45 2 1
a contact +81732 +82345 2 45 1
a contact +87887 +88523 45 2 1
a contact +87887 +88523 2 45 1
a contact +93990 +94702 45 2 1
a contact +93990 +94702 2 45 1
a contact +100061 +100822 45 2 1
a contact +100061 +100822 2 45 1
a contact +106115 +106853 45 2 1
a contact +106115 +106853 2 45 1
a contact +112158 +112787 45 2 1
a contact +112158 +112787 2 45 1
a contact +118190 +118636 45 2 1
a contact +118190 +118636 2 45 1
a contact +124189 +124451 45 2 1
a contact +124189 +124451 2 45 1
a contact +130066 +130367 45 2 1
a contact +130066 +130367 2 45 1
a contact +135879 +136380 45 2 1
a contact +135879 +136380 2 45 1
a contact +141746 +142416 45 2 1
a contact +141746 +142416 2 45 1
a contact +147704 +148461 45 2 1
a contact +147704 +148461 2 45 1
a contact +153758 +154518 45 2 1
a contact +153758 +154518 2 45 1
a contact +159897 +160594 45 2 1
a contact +159897 +160594 2 45 1
a contact +166084 +166708 45 2 1
a contact +166084 +166708 2 45 1
a contact +172253 +172873 45 2 1
a contact +172253 +172873 2 45 1
a contact +178370 +179059 45 2 1
a contact +178370 +179059 2 45 1
a contact +184448 +185201 45 2 1
a contact +184448 +185201 2 45 1
a contact +190506 +191260 45 2 1
a contact +190506 +191260 2 45 1
a contact +196552 +197222 45 2 1
a contact +196552 +197222 2 45 1
a contact +202588 +203093 45 2 1
a contact +202588 +203093 2 45 1
a contact +208602 +208909 45 2 1
a contact +208602 +208909 2 45 1
a contact +214522 +214782 45 2 1
a contact +214522 +214782 2 45 1
a contact +220337 +220778 45 2 1
a contact +220337 +220778 2 45 1
a contact +226183 +226810 45 2 1
a contact +226183 +226810 2 45 1
a contact +232112 +232853 45 2 1
a contact +232112 +232853 2 45 1
a contact +238138 +238906 45 2 1
a contact +238138 +238906 2 45 1
a contact +244255 +244975 45 2 1
a contact +244255 +244975 2 45 1
a contact +250434 +251076 45 2 1
a contact +250434 +251076 2 45 1
a contact +256614 +257226 45 2 1
a contact +256614 +257226 2 45 1
a contact +262747 +263412 45 2 1
a contact +262747 +263412 2 45 1
a contact +268834 +269573 45 2 1
a contact +268834 +269573 2 45 1
a contact +274897 +275658 45 2 1
a contact +274897 +275658 2 45 1
a contact +280946 +281649 45 2 1
a contact +280946 +281649 2 45 1
a contact +286985 +287545 45 2 1
a contact +286985 +287545 2 45 1
a contact +293009 +293370 45 2 1
a contact +293009 +293370 2 45 1
a contact +298968 +299209 45 2 1
a contact +298968 +299209 2 45 1
a contact +304798 +305179 45 2 1
a contact +304798 +305179 2 45 1
a contact +310626 +311205 45 2 1
a contact +310626 +311205 2 45 1
a contact +316529 +317245 45 2 1
a contact +316529 +317245 2 45 1
a contact +322526 +323295 45 2 1
a contact +322526 +323295 2 45 1
a contact +328619 +329358 45 2 1
a contact +328619 +329358 2 45 1
a contact +334784 +335448 45 2 1
a contact +334784 +335448 2 45 1
a contact +340971 +341582 45 2 1
a contact +340971 +341582 2 45 1
a contact +347119 +347763 45 2 1
a contact +347119 +347763 2 45 1
a contact +353218 +353938 45 2 1
a contact +353218 +353938 2 45 1
a contact +359286 +360049 45 2 1
a contact +359286 +360049 2 45 1
a contact +365338 +366068 45 2 1
a contact +365338 +366068 2 45 1
a contact +371381 +371991 45 2 1
a contact +371381 +371991 2 45 1
a contact +377411 +377832 45 2 1
a contact +377411 +377832 2 45 1
a contact +383400 +383651 45 2 1
a contact +383400 +383651 2 45 1
a contact +389261 +389584 45 2 1
a contact +389261 +389584 2 45 1
a contact +395077 +395601 45 2 1
a contact +395077 +395601 2 45 1
a contact +400954 +401638 45 2 1
a contact +400954 +401638 2 45 1
a contact +406923 +407685 45 2 1
a contact +406923 +407685 2 45 1
a contact +412988 +413744 45 2 1
a contact +412988 +413744 2 45 1
a contact +419137 +419824 45 2 1
a contact +419137 +419824 2 45 1
a contact +425324 +425943 45 2 1
a contact +425324 +425943 2 45 1
a contact +431488 +432114 45 2 1
a contact +431488 +432114 2 45 1
a contact +437599 +438298 45 2 1
a contact +437599 +438298 2 45 1
a contact +443674 +444431 45 2 1
a contact +443674 +444431 2 45 1
a contact +449730 +450478 45 2 1
a contact +449730 +450478 2 45 1
a contact +455775 +456429 45 2 1
a contact +455775 +456429 2 45 1
a contact +461810 +462291 45 2 1
a contact +461810 +462291 2 45 1
a contact +467818 +468105 45 2 1
a contact +467818 +468105 2 45 1
a contact +473720 +473995 45 2 1
a contact +473720 +473995 2 45 1
a contact +479533 +479999 45 2 1
a contact +479533 +479999 2 45 1
a contact +485387 +486032 45 2 1
a contact +485387 +486032 2 45 1
a contact +491328 +492076 45 2 1
a contact +491328 +492076 2 45 1
a contact +497366 +498131 45 2 1
a contact +497366 +498131 2 45 1
a contact +503492 +504203 45 2 1
a contact +503492 +504203 2 45 1
a contact +509675 +510309 45 2 1
a contact +509675 +510309 2 45 1
a contact +515851 +516466 45 2 1
a contact +515851 +516466 2 45 1
a contact +521977 +522652 45 2 1
a contact +521977 +522652 2 45 1
a contact +528061 +528806 45 2 1
a contact +528061 +528806 2 45 1
a contact +534121 +534880 45 2 1
a contact +534121 +534880 2 45 1
a contact +540169 +540859 45 2 1
a contact +540169 +540859 2 45 1
a contact +546207 +546745 45 2 1
a contact +546207 +546745 2 45 1
a contact +552227 +552565 45 2 1
a contact +552227 +552565 2 45 1
a contact +558171 +558416 45 2 1
a contact +558171 +558416 2 45 1
a contact +563993 +564399 45 2 1
a contact +563993 +564399 2 45 1
a contact +569828 +570427 45 2 1
a contact +569828 +570427 2 45 1
a contact +575741 +576469 45 2 1
a contact +575741 +576469 2 45 1
a contact +581750 +582519 45 2 1
a contact +581750 +582519 2 45 1
a contact +587853 +588585 45 2 1
a contact +587853 +588585 2 45 1
a contact +594025 +594679 45 2 1
a contact +594025 +594679 2 45 1
a contact +600210 +600820 45 2 1
a contact +600210 +600820 2 45 1
