a contact +0 +604800 2 1 1
a contact +0 +604800 1 2 1
a contact +0 +604800 4 1 1
a contact +0 +604800 1 4 1
a contact +0 +604800 6 1 1
a contact +0 +604800 1 6 1
a contact +0 +604800 8 1 1
a contact +0 +604800 1 8 1
a contact +0 +604800 10 1 1
a contact +0 +604800 1 10 1
a contact +0 +604800 12 1 1
a contact +0 +604800 1 12 1
a contact +0 +604800 14 1 1
a contact +0 +604800 1 14 1
a contact +0 +604800 16 1 1
a contact +0 +604800 1 16 1
a contact +0 +604800 18 1 1
a contact +0 +604800 1 18 1
a contact +0 +604800 20 1 1
a contact +0 +604800 1 20 1
a contact +0 +604800 22 1 1
a contact +0 +604800 1 22 1
a contact +0 +604800 24 1 1
a contact +0 +604800 1 24 1
a contact +0 +604800 26 1 1
a contact +0 +604800 1 26 1
a contact +0 +604800 30 1 1
a contact +0 +604800 1 30 1
a contact +0 +604800 32 1 1
a contact +0 +604800 1 32 1
a contact +0 +604800 34 1 1
a contact +0 +604800 1 34 1
a contact +0 +604800 36 1 1
a contact +0 +604800 1 36 1
a contact +0 +604800 38 1 1
a contact +0 +604800 1 38 1
a contact +0 +604800 40 1 1
a contact +0 +604800 1 40 1
a contact +0 +604800 42 1 1
a contact +0 +604800 1 42 1
a contact +4069 +4733 44 2 1
a contact +4069 +4733 2 44 1
a contact +10158 +10895 44 2 1
a contact +10158 +10895 2 44 1
a contact +16221 +16983 44 2 1
a contact +16221 +16983 2 44 1
a contact +22270 +22976 44 2 1
a contact +22270 +22976 2 44 1
a contact +28310 +28875 44 2 1
a contact +28310 +28875 2 44 1
a contact +34334 +34702 44 2 1
a contact +34334 +34702 2 44 1
a contact +40298 +40538 44 2 1
a contact +40298 +40538 2 44 1
a contact +46130 +46505 44 2 1
a contact +46130 +46505 2 44 1
a contact +51956 +52530 44 2 1
a contact +51956 +52530 2 44 1
a contact +57856 +58570 44 2 1
a contact +57856 +58570 2 44 1
a contact +63851 +64619 44 2 1
a contact +63851 +64619 2 44 1
a contact +69940 +70682 44 2 1
a contact +69940 +70682 2 44 1
a contact +76104 +76770 44 2 1
a contact +76104 +76770 2 44 1
a contact +82292 +82903 44 2 1
a contact +82292 +82903 2 44 1
a contact +88442 +89083 44 2 1
a contact +88442 +89083 2 44 1
a contact +94541 +95259 44 2 1
a contact +94541 +95259 2 44 1
a contact +100610 +101373 44 2 1
a contact +100610 +101373 2 44 1
a contact +106663 +107394 44 2 1
a contact +106663 +107394 2 44 1
a contact +112705 +113320 44 2 1
a contact +112705 +113320 2 44 1
a contact +118736 +119163 44 2 1
a contact +118736 +119163 2 44 1
a contact +124728 +124981 44 2 1
a contact +124728 +124981 2 44 1
a contact +130592 +130910 44 2 1
a contact +130592 +130910 2 44 1
a contact +136407 +136926 44 2 1
a contact +136407 +136926 2 44 1
a contact +142282 +142963 44 2 1
a contact +142282 +142963 2 44 1
a contact +148248 +149009 44 2 1
a contact +148248 +149009 2 44 1
a contact +154311 +155067 44 2 1
a contact +154311 +155067 2 44 1
a contact +160457 +161146 44 2 1
a contact +160457 +161146 2 44 1
a contact +166645 +167265 44 2 1
a contact +166645 +167265 2 44 1
a contact +172809 +173434 44 2 1
a contact +172809 +173434 2 44 1
a contact +178922 +179618 44 2 1
a contact +178922 +179618 2 44 1
a contact +184998 +185754 44 2 1
a contact +184998 +185754 2 44 1
a contact +191054 +191804 44 2 1
a contact +191054 +191804 2 44 1
a contact +197100 +197757 44 2 1
a contact +197100 +197757 2 44 1
a contact +203135 +203622 44 2 1
a contact +203135 +203622 2 44 1
a contact +209145 +209436 44 2 1
a contact +209145 +209436 2 44 1
a contact +215051 +215322 44 2 1
a contact +215051 +215322 2 44 1
a contact +220864 +221324 44 2 1
a contact +220864 +221324 2 44 1
a contact +226716 +227357 44 2 1
a contact +226716 +227357 2 44 1
a contact +232654 +233401 44 2 1
a contact +232654 +233401 2 44 1
a contact +238689 +239455 44 2 1
a contact +238689 +239455 2 44 1
a contact +244813 +245526 44 2 1
a contact +244813 +245526 2 44 1
a contact +250995 +251631 44 2 1
a contact +250995 +251631 2 44 1
a contact +257172 +257786 44 2 1
a contact +257172 +257786 2 44 1
a contact +263300 +263973 44 2 1
a contact +263300 +263973 2 44 1
a contact +269384 +270128 44 2 1
a contact +269384 +270128 2 44 1
a contact +275445 +276205 44 2 1
a contact +275445 +276205 2 44 1
a contact +281493 +282187 44 2 1
a contact +281493 +282187 2 44 1
a contact +287532 +288075 44 2 1
a contact +287532 +288075 2 44 1
a contact +293553 +293897 44 2 1
a contact +293553 +293897 2 44 1
a contact +299501 +299745 44 2 1
a contact +299501 +299745 2 44 1
a contact +305325 +305724 44 2 1
a contact +305325 +305724 2 44 1
a contact +311158 +311752 44 2 1
a contact +311158 +311752 2 44 1
a contact +317068 +317793 44 2 1
a contact +317068 +317793 2 44 1
a contact +323075 +323844 44 2 1
a contact +323075 +323844 2 44 1
a contact +329175 +329909 44 2 1
a contact +329175 +329909 2 44 1
a contact +335345 +336001 44 2 1
a contact +335345 +336001 2 44 1
a contact +341531 +342141 44 2 1
a contact +341531 +342141 2 44 1
a contact +347674 +348324 44 2 1
a contact +347674 +348324 2 44 1
a contact +353769 +354495 44 2 1
a contact +353769 +354495 2 44 1
a contact +359835 +360598 44 2 1
a contact +359835 +360598 2 44 1
a contact +365886 +366608 44 2 1
a contact +365886 +366608 2 44 1
a contact +371928 +372523 44 2 1
a contact +371928 +372523 2 44 1
a contact +377956 +378359 44 2 1
a contact +377956 +378359 2 44 1
a contact +383937 +384182 44 2 1
a contact +383937 +384182 2 44 1
a contact +389787 +390127 44 2 1
a contact +389787 +390127 2 44 1
a contact +395606 +396148 44 2 1
a contact +395606 +396148 2 44 1
a contact +401491 +402186 44 2 1
a contact +401491 +402186 2 44 1
a contact +407469 +408233 44 2 1
a contact +407469 +408233 2 44 1
a contact +413542 +414294 44 2 1
a contact +413542 +414294 2 44 1
a contact +419696 +420376 44 2 1
a contact +419696 +420376 2 44 1
a contact +425885 +426500 44 2 1
a contact +425885 +426500 2 44 1
a contact +432044 +432675 44 2 1
a contact +432044 +432675 2 44 1
a contact +438151 +438856 44 2 1
a contact +438151 +438856 2 44 1
a contact +444224 +444983 44 2 1
a contact +444224 +444983 2 44 1
a contact +450278 +451021 44 2 1
a contact +450278 +451021 2 44 1
a contact +456322 +456963 44 2 1
a contact +456322 +456963 2 44 1
a contact +462356 +462819 44 2 1
a contact +462356 +462819 2 44 1
a contact +468359 +468633 44 2 1
a contact +468359 +468633 2 44 1
a contact +474248 +474536 44 2 1
a contact +474248 +474536 2 44 1
a contact +480060 +480545 44 2 1
a contact +480060 +480545 2 44 1
a contact +485921 +486580 44 2 1
a contact +485921 +486580 2 44 1
a contact +491871 +492624 44 2 1
a contact +491871 +492624 2 44 1
a contact +497917 +498680 44 2 1
a contact +497917 +498680 2 44 1
a contact +504051 +504755 44 2 1
a contact +504051 +504755 2 44 1
a contact +510236 +510864 44 2 1
a contact +510236 +510864 2 44 1
a contact +516409 +517026 44 2 1
a contact +516409 +517026 2 44 1
a contact +522530 +523212 44 2 1
a contact +522530 +523212 2 44 1
a contact +528611 +529360 44 2 1
a contact +528611 +529360 2 44 1
a contact +534670 +535426 44 2 1
a contact +534670 +535426 2 44 1
a contact +540716 +541396 44 2 1
a contact +540716 +541396 2 44 1
a contact +546753 +547274 44 2 1
a contact +546753 +547274 2 44 1
a contact +552771 +553092 44 2 1
a contact +552771 +553092 2 44 1
a contact +558702 +558954 44 2 1
a contact +558702 +558954 2 44 1
a contact +564520 +564944 44 2 1
a contact +564520 +564944 2 44 1
a contact +570360 +570974 44 2 1
a contact +570360 +570974 2 44 1
a contact +576282 +577016 44 2 1
a contact +576282 +577016 2 44 1
a contact +582300 +583068 44 2 1
a contact +582300 +583068 2 44 1
a contact +588410 +589136 44 2 1
a contact +588410 +589136 2 44 1
a contact +594586 +595233 44 2 1
a contact +594586 +595233 2 44 1
a contact +600769 +601379 44 2 1
a contact +600769 +601379 2 44 1
a contact +15500 +15771 44 4 1
a contact +15500 +15771 4 44 1
a contact +21230 +21981 44 4 1
a contact +21230 +21981 4 44 1
a contact +27347 +27995 44 4 1
a contact +27347 +27995 4 44 1
a contact +58888 +59477 44 4 1
a contact +58888 +59477 4 44 1
a contact +64885 +65633 44 4 1
a contact +64885 +65633 4 44 1
a contact +71053 +71428 44 4 1
a contact +71053 +71428 4 44 1
a contact +105662 +106358 44 4 1
a contact +105662 +106358 4 44 1
a contact +111684 +112412 44 4 1
a contact +111684 +112412 4 44 1
a contact +143344 +143748 44 4 1
a contact +143344 +143748 4 44 1
a contact +149277 +150028 44 4 1
a contact +149277 +150028 4 44 1
a contact +155376 +155947 44 4 1
a contact +155376 +155947 4 44 1
a contact +190127 +190719 44 4 1
a contact +190127 +190719 4 44 1
a contact +196051 +196815 44 4 1
a contact +196051 +196815 4 44 1
a contact +202334 +202748 44 4 1
a contact +202334 +202748 4 44 1
a contact +233680 +234396 44 4 1
a contact +233680 +234396 4 44 1
a contact +239736 +240414 44 4 1
a contact +239736 +240414 4 44 1
a contact +274641 +275047 44 4 1
a contact +274641 +275047 4 44 1
a contact +280445 +281207 44 4 1
a contact +280445 +281207 4 44 1
a contact +286604 +287204 44 4 1
a contact +286604 +287204 4 44 1
a contact +318096 +318734 44 4 1
a contact +318096 +318734 4 44 1
a contact +324112 +324848 44 4 1
a contact +324112 +324848 4 44 1
a contact +330338 +330560 44 4 1
a contact +330338 +330560 4 44 1
a contact +364866 +365589 44 4 1
a contact +364866 +365589 4 44 1
a contact +370926 +371627 44 4 1
a contact +370926 +371627 4 44 1
a contact +402535 +403031 44 4 1
a contact +402535 +403031 4 44 1
a contact +408500 +409254 44 4 1
a contact +408500 +409254 4 44 1
a contact +414622 +415127 44 4 1
a contact +414622 +415127 4 44 1
a contact +449316 +449958 44 4 1
a contact +449316 +449958 4 44 1
a contact +455281 +456035 44 4 1
a contact +455281 +456035 4 44 1
a contact +461640 +461920 44 4 1
a contact +461640 +461920 4 44 1
a contact +487052 +487228 44 4 1
a contact +487052 +487228 4 44 1
a contact +492898 +493633 44 4 1
a contact +492898 +493633 4 44 1
a contact +498970 +499611 44 4 1
a contact +498970 +499611 4 44 1
a contact +533806 +534303 44 4 1
a contact +533806 +534303 4 44 1
a contact +539665 +540432 44 4 1
a contact +539665 +540432 4 44 1
a contact +545870 +546407 44 4 1
a contact +545870 +546407 4 44 1
a contact +577308 +577984 44 4 1
a contact +577308 +577984 4 44 1
a contact +583340 +584058 44 4 1
a contact +583340 +584058 4 44 1
a contact +24110 +24834 44 6 1
a contact +24110 +24834 6 44 1
a contact +30230 +30829 44 6 1
a contact +30230 +30829 6 44 1
a contact +62100 +62576 44 6 1
a contact +62100 +62576 6 44 1
a contact +68034 +68798 44 6 1
a contact +68034 +68798 6 44 1
a contact +74259 +74541 44 6 1
a contact +74259 +74541 6 44 1
a contact +108558 +109199 44 6 1
a contact +108558 +109199 6 44 1
a contact +114556 +115261 44 6 1
a contact +114556 +115261 6 44 1
a contact +152432 +153187 44 6 1
a contact +152432 +153187 6 44 1
a contact +158540 +159101 44 6 1
a contact +158540 +159101 6 44 1
a contact +193055 +193532 44 6 1
a contact +193055 +193532 6 44 1
a contact +198922 +199670 44 6 1
a contact +198922 +199670 6 44 1
a contact +205312 +205478 44 6 1
a contact +205312 +205478 6 44 1
a contact +236847 +237542 44 6 1
a contact +236847 +237542 6 44 1
a contact +242888 +243578 44 6 1
a contact +242888 +243578 6 44 1
a contact +283322 +284062 44 6 1
a contact +283322 +284062 6 44 1
a contact +289497 +290025 44 6 1
a contact +289497 +290025 6 44 1
a contact +321289 +321853 44 6 1
a contact +321289 +321853 6 44 1
a contact +327261 +328014 44 6 1
a contact +327261 +328014 6 44 1
a contact +367754 +368437 44 6 1
a contact +367754 +368437 6 44 1
a contact +373801 +374471 44 6 1
a contact +373801 +374471 6 44 1
a contact +405803 +406072 44 6 1
a contact +405803 +406072 6 44 1
a contact +411651 +412416 44 6 1
a contact +411651 +412416 6 44 1
a contact +417796 +418272 44 6 1
a contact +417796 +418272 6 44 1
a contact +452227 +452786 44 6 1
a contact +452227 +452786 6 44 1
a contact +458153 +458889 44 6 1
a contact +458153 +458889 6 44 1
a contact +496059 +496785 44 6 1
a contact +496059 +496785 6 44 1
a contact +502126 +502773 44 6 1
a contact +502126 +502773 6 44 1
a contact +536780 +537073 44 6 1
a contact +536780 +537073 6 44 1
a contact +542538 +543288 44 6 1
a contact +542538 +543288 6 44 1
a contact +548779 +549209 44 6 1
a contact +548779 +549209 6 44 1
a contact +580487 +581117 44 6 1
a contact +580487 +581117 6 44 1
a contact +586490 +587224 44 6 1
a contact +586490 +587224 6 44 1
a contact +0 +306 44 8 1
a contact +0 +306 8 44 1
a contact +5813 +6153 44 8 1
a contact +5813 +6153 8 44 1
a contact +38514 +38840 44 8 1
a contact +38514 +38840 8 44 1
a contact +44343 +45095 44 8 1
a contact +44343 +45095 8 44 1
a contact +84028 +84661 44 8 1
a contact +84028 +84661 8 44 1
a contact +90064 +90682 44 8 1
a contact +90064 +90682 8 44 1
a contact +128739 +129495 44 8 1
a contact +128739 +129495 8 44 1
a contact +134992 +135265 44 8 1
a contact +134992 +135265 8 44 1
a contact +168554 +168947 44 8 1
a contact +168554 +168947 8 44 1
a contact +174405 +175128 44 8 1
a contact +174405 +175128 8 44 1
a contact +213170 +213853 44 8 1
a contact +213170 +213853 8 44 1
a contact +219235 +219837 44 8 1
a contact +219235 +219837 8 44 1
a contact +258792 +259534 44 8 1
a contact +258792 +259534 8 44 1
a contact +297658 +298147 44 8 1
a contact +297658 +298147 8 44 1
a contact +303575 +304303 44 8 1
a contact +303575 +304303 8 44 1
a contact +343221 +343905 44 8 1
a contact +343221 +343905 8 44 1
a contact +349329 +349865 44 8 1
a contact +349329 +349865 8 44 1
a contact +387957 +388720 44 8 1
a contact +387957 +388720 8 44 1
a contact +427707 +428228 44 8 1
a contact +427707 +428228 8 44 1
a contact +433643 +434335 44 8 1
a contact +433643 +434335 8 44 1
a contact +472372 +473096 44 8 1
a contact +472372 +473096 8 44 1
a contact +478499 +479008 44 8 1
a contact +478499 +479008 8 44 1
a contact +518013 +518756 44 8 1
a contact +518013 +518756 8 44 1
a contact +556832 +557422 44 8 1
a contact +556832 +557422 8 44 1
a contact +562814 +563503 44 8 1
a contact +562814 +563503 8 44 1
a contact +602424 +603142 44 8 1
a contact +602424 +603142 8 44 1
a contact +29067 +29547 44 10 1
a contact +29067 +29547 10 44 1
a contact +35001 +35737 44 10 1
a contact +35001 +35737 10 44 1
a contact +75271 +75957 44 10 1
a contact +75271 +75957 10 44 1
a contact +81316 +81987 44 10 1
a contact +81316 +81987 10 44 1
a contact +119393 +120138 44 10 1
a contact +119393 +120138 10 44 1
a contact +125568 +125966 44 10 1
a contact +125568 +125966 10 44 1
a contact +159757 +160293 44 10 1
a contact +159757 +160293 10 44 1
a contact +165663 +166412 44 10 1
a contact +165663 +166412 10 44 1
a contact +203807 +204503 44 10 1
a contact +203807 +204503 10 44 1
a contact +209874 +210489 44 10 1
a contact +209874 +210489 10 44 1
a contact +244383 +244507 44 10 1
a contact +244383 +244507 10 44 1
a contact +250049 +250813 44 10 1
a contact +250049 +250813 10 44 1
a contact +256323 +256687 44 10 1
a contact +256323 +256687 10 44 1
a contact +288252 +288822 44 10 1
a contact +288252 +288822 10 44 1
a contact +294231 +294946 44 10 1
a contact +294231 +294946 10 44 1
a contact +334471 +335193 44 10 1
a contact +334471 +335193 10 44 1
a contact +340573 +341187 44 10 1
a contact +340573 +341187 10 44 1
a contact +372781 +373040 44 10 1
a contact +372781 +373040 10 44 1
a contact +378614 +379362 44 10 1
a contact +378614 +379362 10 44 1
a contact +384877 +385081 44 10 1
a contact +384877 +385081 10 44 1
a contact +418934 +419545 44 10 1
a contact +418934 +419545 10 44 1
a contact +424900 +425625 44 10 1
a contact +424900 +425625 10 44 1
a contact +463018 +463743 44 10 1
a contact +463018 +463743 10 44 1
a contact +469124 +469670 44 10 1
a contact +469124 +469670 10 44 1
a contact +503470 +503842 44 10 1
a contact +503470 +503842 10 44 1
a contact +509271 +510035 44 10 1
a contact +509271 +510035 10 44 1
a contact +515721 +515756 44 10 1
a contact +515721 +515756 10 44 1
a contact +547449 +548083 44 10 1
a contact +547449 +548083 10 44 1
a contact +553466 +554148 44 10 1
a contact +553466 +554148 10 44 1
a contact +593678 +594424 44 10 1
a contact +593678 +594424 10 44 1
a contact +599841 +600378 44 10 1
a contact +599841 +600378 10 44 1
a contact +5804 +6548 44 12 1
a contact +5804 +6548 12 44 1
a contact +12108 +12371 44 12 1
a contact +12108 +12371 12 44 1
a contact +44221 +44760 44 12 1
a contact +44221 +44760 12 44 1
a contact +50172 +50906 44 12 1
a contact +50172 +50906 12 44 1
a contact +90231 +90923 44 12 1
a contact +90231 +90923 12 44 1
a contact +96328 +96910 44 12 1
a contact +96328 +96910 12 44 1
a contact +134556 +135321 44 12 1
a contact +134556 +135321 12 44 1
a contact +140856 +141011 44 12 1
a contact +140856 +141011 12 44 1
a contact +174707 +175262 44 12 1
a contact +174707 +175262 12 44 1
a contact +180652 +181358 44 12 1
a contact +180652 +181358 12 44 1
a contact +218966 +219697 44 12 1
a contact +218966 +219697 12 44 1
a contact +225072 +225628 44 12 1
a contact +225072 +225628 12 44 1
a contact +259305 +259495 44 12 1
a contact +259305 +259495 12 44 1
a contact +265024 +265771 44 12 1
a contact +265024 +265771 12 44 1
a contact +303409 +304028 44 12 1
a contact +303409 +304028 12 44 1
a contact +309407 +310109 44 12 1
a contact +309407 +310109 12 44 1
a contact +349435 +350157 44 12 1
a contact +349435 +350157 12 44 1
a contact +355601 +356092 44 12 1
a contact +355601 +356092 12 44 1
a contact +387922 +388274 44 12 1
a contact +387922 +388274 12 44 1
a contact +393780 +394540 44 12 1
a contact +393780 +394540 12 44 1
a contact +433889 +434513 44 12 1
a contact +433889 +434513 12 44 1
a contact +439897 +440563 44 12 1
a contact +439897 +440563 12 44 1
a contact +478179 +478932 44 12 1
a contact +478179 +478932 12 44 1
a contact +484338 +484790 44 12 1
a contact +484338 +484790 12 44 1
a contact +518412 +518814 44 12 1
a contact +518412 +518814 12 44 1
a contact +524251 +524989 44 12 1
a contact +524251 +524989 12 44 1
a contact +562607 +563284 44 12 1
a contact +562607 +563284 12 44 1
a contact +568648 +569303 44 12 1
a contact +568648 +569303 12 44 1
a contact +1230 +1869 44 14 1
a contact +1230 +1869 14 44 1
a contact +7282 +8043 44 14 1
a contact +7282 +8043 14 44 1
a contact +13338 +14069 44 14 1
a contact +13338 +14069 14 44 1
a contact +19415 +19932 44 14 1
a contact +19415 +19932 14 44 1
a contact +43057 +43225 44 14 1
a contact +43057 +43225 14 44 1
a contact +48762 +49375 44 14 1
a contact +48762 +49375 14 44 1
a contact +54688 +55441 44 14 1
a contact +54688 +55441 14 44 1
a contact +60769 +61494 44 14 1
a contact +60769 +61494 14 44 1
a contact +66995 +67548 44 14 1
a contact +66995 +67548 14 44 1
a contact +73324 +73629 44 14 1
a contact +73324 +73629 14 44 1
a contact +79544 +79870 44 14 1
a contact +79544 +79870 14 44 1
a contact +85619 +86197 44 14 1
a contact +85619 +86197 14 44 1
a contact +91673 +92413 44 14 1
a contact +91673 +92413 14 44 1
a contact +97727 +98483 44 14 1
a contact +97727 +98483 14 44 1
a contact +103794 +104397 44 14 1
a contact +103794 +104397 14 44 1
a contact +109975 +110060 44 14 1
a contact +109975 +110060 14 44 1
a contact +133223 +133755 44 14 1
a contact +133223 +133755 14 44 1
a contact +139099 +139829 44 14 1
a contact +139099 +139829 14 44 1
a contact +145136 +145885 44 14 1
a contact +145136 +145885 14 44 1
a contact +151321 +151938 44 14 1
a contact +151321 +151938 14 44 1
a contact +157630 +158004 44 14 1
a contact +157630 +158004 14 44 1
a contact +163911 +164182 44 14 1
a contact +163911 +164182 14 44 1
a contact +170008 +170515 44 14 1
a contact +170008 +170515 14 44 1
a contact +176064 +176771 44 14 1
a contact +176064 +176771 14 44 1
a contact +182116 +182884 44 14 1
a contact +182116 +182884 14 44 1
a contact +188177 +188845 44 14 1
a contact +188177 +188845 14 44 1
a contact +194282 +194624 44 14 1
a contact +194282 +194624 14 44 1
a contact +217702 +218128 44 14 1
a contact +217702 +218128 14 44 1
a contact +223524 +224217 44 14 1
a contact +223524 +224217 14 44 1
a contact +229515 +230275 44 14 1
a contact +229515 +230275 14 44 1
a contact +235658 +236328 44 14 1
a contact +235658 +236328 14 44 1
a contact +241937 +242387 44 14 1
a contact +241937 +242387 14 44 1
a contact +248257 +248511 44 14 1
a contact +248257 +248511 14 44 1
a contact +254394 +254824 44 14 1
a contact +254394 +254824 14 44 1
a contact +260454 +261115 44 14 1
a contact +260454 +261115 14 44 1
a contact +266506 +267272 44 14 1
a contact +266506 +267272 14 44 1
a contact +272564 +273279 44 14 1
a contact +272564 +273279 14 44 1
a contact +278646 +279120 44 14 1
a contact +278646 +279120 14 44 1
a contact +302212 +302482 44 14 1
a contact +302212 +302482 14 44 1
a contact +307962 +308602 44 14 1
a contact +307962 +308602 14 44 1
a contact +313908 +314665 44 14 1
a contact +313908 +314665 14 44 1
a contact +320007 +320719 44 14 1
a contact +320007 +320719 14 44 1
a contact +326249 +326774 44 14 1
a contact +326249 +326774 14 44 1
a contact +332581 +332863 44 14 1
a contact +332581 +332863 14 44 1
a contact +338775 +339130 44 14 1
a contact +338775 +339130 14 44 1
a contact +344844 +345448 44 14 1
a contact +344844 +345448 14 44 1
a contact +350897 +351648 44 14 1
a contact +350897 +351648 14 44 1
a contact +356952 +357699 44 14 1
a contact +356952 +357699 14 44 1
a contact +363022 +363592 44 14 1
a contact +363022 +363592 14 44 1
a contact +392416 +392984 44 14 1
a contact +392416 +392984 14 44 1
a contact +398313 +399055 44 14 1
a contact +398313 +399055 14 44 1
a contact +404368 +405109 44 14 1
a contact +404368 +405109 14 44 1
a contact +410571 +411162 44 14 1
a contact +410571 +411162 14 44 1
a contact +416890 +417234 44 14 1
a contact +416890 +417234 14 44 1
a contact +423147 +423437 44 14 1
a contact +423147 +423437 14 44 1
a contact +429233 +429770 44 14 1
a contact +429233 +429770 14 44 1
a contact +435288 +436010 44 14 1
a contact +435288 +436010 14 44 1
a contact +441341 +442106 44 14 1
a contact +441341 +442106 14 44 1
a contact +447404 +448047 44 14 1
a contact +447404 +448047 14 44 1
a contact +453526 +453793 44 14 1
a contact +453526 +453793 14 44 1
a contact +476887 +477361 44 14 1
a contact +476887 +477361 14 44 1
a contact +482732 +483443 44 14 1
a contact +482732 +483443 14 44 1
a contact +488743 +489500 44 14 1
a contact +488743 +489500 14 44 1
a contact +494903 +495552 44 14 1
a contact +494903 +495552 14 44 1
a contact +501195 +501614 44 14 1
a contact +501195 +501614 14 44 1
a contact +507503 +507758 44 14 1
a contact +507503 +507758 14 44 1
a contact +513620 +514083 44 14 1
a contact +513620 +514083 14 44 1
a contact +519678 +520360 44 14 1
a contact +519678 +520360 14 44 1
a contact +525731 +526499 44 14 1
a contact +525731 +526499 14 44 1
a contact +531789 +532487 44 14 1
a contact +531789 +532487 14 44 1
a contact +537879 +538304 44 14 1
a contact +537879 +538304 14 44 1
a contact +561382 +561725 44 14 1
a contact +561382 +561725 14 44 1
a contact +567165 +567829 44 14 1
a contact +567165 +567829 14 44 1
a contact +573130 +573890 44 14 1
a contact +573130 +573890 14 44 1
a contact +579247 +579943 44 14 1
a contact +579247 +579943 14 44 1
a contact +585505 +585999 44 14 1
a contact +585505 +585999 14 44 1
a contact +591835 +592100 44 14 1
a contact +591835 +592100 14 44 1
a contact +598004 +598389 44 14 1
a contact +598004 +598389 14 44 1
a contact +604069 +604698 44 14 1
a contact +604069 +604698 14 44 1
a contact +10981 +11720 44 16 1
a contact +10981 +11720 16 44 1
a contact +17161 +17554 44 16 1
a contact +17161 +17554 16 44 1
a contact +51186 +51650 44 16 1
a contact +51186 +51650 16 44 1
a contact +57052 +57803 44 16 1
a contact +57052 +57803 16 44 1
a contact +95405 +96076 44 16 1
a contact +95405 +96076 16 44 1
a contact +101459 +102080 44 16 1
a contact +101459 +102080 16 44 1
a contact +141443 +142203 44 16 1
a contact +141443 +142203 16 44 1
a contact +147715 +148057 44 16 1
a contact +147715 +148057 16 44 1
a contact +179873 +180375 44 16 1
a contact +179873 +180375 16 44 1
a contact +185814 +186535 44 16 1
a contact +185814 +186535 16 44 1
a contact +225872 +226577 44 16 1
a contact +225872 +226577 16 44 1
a contact +231958 +232573 44 16 1
a contact +231958 +232573 16 44 1
a contact +270200 +270947 44 16 1
a contact +270200 +270947 16 44 1
a contact +276485 +276656 44 16 1
a contact +276485 +276656 16 44 1
a contact +310351 +310915 44 16 1
a contact +310351 +310915 16 44 1
a contact +316287 +317016 44 16 1
a contact +316287 +317016 16 44 1
a contact +354612 +355320 44 16 1
a contact +354612 +355320 16 44 1
a contact +360711 +361261 44 16 1
a contact +360711 +361261 16 44 1
a contact +394951 +395147 44 16 1
a contact +394951 +395147 16 44 1
a contact +400662 +401427 44 16 1
a contact +400662 +401427 16 44 1
a contact +439058 +439646 44 16 1
a contact +439058 +439646 16 44 1
a contact +445049 +445738 44 16 1
a contact +445049 +445738 16 44 1
a contact +485075 +485811 44 16 1
a contact +485075 +485811 16 44 1
a contact +491227 +491760 44 16 1
a contact +491227 +491760 16 44 1
a contact +523587 +523875 44 16 1
a contact +523587 +523875 16 44 1
a contact +529423 +530167 44 16 1
a contact +529423 +530167 16 44 1
a contact +569531 +570167 44 16 1
a contact +569531 +570167 16 44 1
a contact +575530 +576223 44 16 1
a contact +575530 +576223 16 44 1
a contact +8232 +8530 44 18 1
a contact +8232 +8530 18 44 1
a contact +14058 +14817 44 18 1
a contact +14058 +14817 18 44 1
a contact +54036 +54653 44 18 1
a contact +54036 +54653 18 44 1
a contact +60043 +60702 44 18 1
a contact +60043 +60702 18 44 1
a contact +98458 +99209 44 18 1
a contact +98458 +99209 18 44 1
a contact +104631 +105056 44 18 1
a contact +104631 +105056 18 44 1
a contact +138571 +138939 44 18 1
a contact +138571 +138939 18 44 1
a contact +144396 +145132 44 18 1
a contact +144396 +145132 18 44 1
a contact +182890 +183559 44 18 1
a contact +182890 +183559 18 44 1
a contact +188930 +189578 44 18 1
a contact +188930 +189578 18 44 1
a contact +228791 +229530 44 18 1
a contact +228791 +229530 18 44 1
a contact +235064 +235367 44 18 1
a contact +235064 +235367 18 44 1
a contact +267375 +267844 44 18 1
a contact +267375 +267844 18 44 1
a contact +273287 +274029 44 18 1
a contact +273287 +274029 18 44 1
a contact +313227 +313897 44 18 1
a contact +313227 +313897 18 44 1
a contact +319299 +319897 44 18 1
a contact +319299 +319897 18 44 1
a contact +357675 +358438 44 18 1
a contact +357675 +358438 18 44 1
a contact +363947 +364169 44 18 1
a contact +363947 +364169 18 44 1
a contact +397720 +398220 44 18 1
a contact +397720 +398220 18 44 1
a contact +403630 +404344 44 18 1
a contact +403630 +404344 18 44 1
a contact +442093 +442806 44 18 1
a contact +442093 +442806 18 44 1
a contact +448182 +448760 44 18 1
a contact +448182 +448760 18 44 1
a contact +488008 +488754 44 18 1
a contact +488008 +488754 18 44 1
a contact +526550 +527123 44 18 1
a contact +526550 +527123 18 44 1
a contact +532520 +533234 44 18 1
a contact +532520 +533234 18 44 1
a contact +572427 +573135 44 18 1
a contact +572427 +573135 18 44 1
a contact +578568 +579081 44 18 1
a contact +578568 +579081 18 44 1
a contact +1180 +1922 44 20 1
a contact +1180 +1922 20 44 1
a contact +7238 +8001 44 20 1
a contact +7238 +8001 20 44 1
a contact +13292 +13956 44 20 1
a contact +13292 +13956 20 44 1
a contact +19359 +19778 44 20 1
a contact +19359 +19778 20 44 1
a contact +37120 +37299 44 20 1
a contact +37120 +37299 20 44 1
a contact +42851 +43402 44 20 1
a contact +42851 +43402 20 44 1
a contact +48739 +49460 44 20 1
a contact +48739 +49460 20 44 1
a contact +54755 +55515 44 20 1
a contact +54755 +55515 20 44 1
a contact +60890 +61578 44 20 1
a contact +60890 +61578 20 44 1
a contact +67116 +67668 44 20 1
a contact +67116 +67668 20 44 1
a contact +73344 +73830 44 20 1
a contact +73344 +73830 20 44 1
a contact +79486 +80069 44 20 1
a contact +79486 +80069 20 44 1
a contact +85568 +86283 44 20 1
a contact +85568 +86283 20 44 1
a contact +91628 +92397 44 20 1
a contact +91628 +92397 20 44 1
a contact +97682 +98388 44 20 1
a contact +97682 +98388 20 44 1
a contact +103742 +104251 44 20 1
a contact +103742 +104251 20 44 1
a contact +127316 +127788 44 20 1
a contact +127316 +127788 20 44 1
a contact +133165 +133850 44 20 1
a contact +133165 +133850 20 44 1
a contact +139144 +139905 44 20 1
a contact +139144 +139905 20 44 1
a contact +145245 +145964 44 20 1
a contact +145245 +145964 20 44 1
a contact +151450 +152043 44 20 1
a contact +151450 +152043 20 44 1
a contact +157690 +158178 44 20 1
a contact +157690 +158178 20 44 1
a contact +163859 +164402 44 20 1
a contact +163859 +164402 20 44 1
a contact +169953 +170635 44 20 1
a contact +169953 +170635 20 44 1
a contact +176017 +176781 44 20 1
a contact +176017 +176781 20 44 1
a contact +182072 +182810 44 20 1
a contact +182072 +182810 20 44 1
a contact +188129 +188711 44 20 1
a contact +188129 +188711 20 44 1
a contact +194217 +194467 44 20 1
a contact +194217 +194467 20 44 1
a contact +211793 +212169 44 20 1
a contact +211793 +212169 20 44 1
a contact +217601 +218239 44 20 1
a contact +217601 +218239 20 44 1
a contact +223543 +224295 44 20 1
a contact +223543 +224295 20 44 1
a contact +229609 +230351 44 20 1
a contact +229609 +230351 20 44 1
a contact +235788 +236422 44 20 1
a contact +235788 +236422 20 44 1
a contact +242029 +242535 44 20 1
a contact +242029 +242535 20 44 1
a contact +248225 +248736 44 20 1
a contact +248225 +248736 20 44 1
a contact +254336 +254978 44 20 1
a contact +254336 +254978 20 44 1
a contact +260406 +261156 44 20 1
a contact +260406 +261156 20 44 1
a contact +266462 +267220 44 20 1
a contact +266462 +267220 20 44 1
a contact +272517 +273159 44 20 1
a contact +272517 +273159 20 44 1
a contact +278587 +278964 44 20 1
a contact +278587 +278964 20 44 1
a contact +296290 +296540 44 20 1
a contact +296290 +296540 20 44 1
a contact +302049 +302628 44 20 1
a contact +302049 +302628 20 44 1
a contact +307952 +308685 44 20 1
a contact +307952 +308685 20 44 1
a contact +313983 +314740 44 20 1
a contact +313983 +314740 20 44 1
a contact +320131 +320805 44 20 1
a contact +320131 +320805 20 44 1
a contact +326363 +326901 44 20 1
a contact +326363 +326901 20 44 1
a contact +332584 +333074 44 20 1
a contact +332584 +333074 20 44 1
a contact +338716 +339316 44 20 1
a contact +338716 +339316 20 44 1
a contact +344793 +345520 44 20 1
a contact +344793 +345520 20 44 1
a contact +350852 +351620 44 20 1
a contact +350852 +351620 20 44 1
a contact +356906 +357596 44 20 1
a contact +356906 +357596 20 44 1
a contact +362969 +363443 44 20 1
a contact +362969 +363443 20 44 1
a contact +386508 +387014 44 20 1
a contact +386508 +387014 20 44 1
a contact +392373 +393075 44 20 1
a contact +392373 +393075 20 44 1
a contact +398367 +399129 44 20 1
a contact +398367 +399129 20 44 1
a contact +404483 +405190 44 20 1
a contact +404483 +405190 20 44 1
a contact +410697 +411273 44 20 1
a contact +410697 +411273 20 44 1
a contact +416933 +417419 44 20 1
a contact +416933 +417419 20 44 1
a contact +423091 +423650 44 20 1
a contact +423091 +423650 20 44 1
a contact +429180 +429876 44 20 1
a contact +429180 +429876 20 44 1
a contact +435242 +436009 44 20 1
a contact +435242 +436009 20 44 1
a contact +441296 +442023 44 20 1
a contact +441296 +442023 20 44 1
a contact +447354 +447908 44 20 1
a contact +447354 +447908 20 44 1
a contact +453458 +453636 44 20 1
a contact +453458 +453636 20 44 1
a contact +470980 +471398 44 20 1
a contact +470980 +471398 20 44 1
a contact +476805 +477464 44 20 1
a contact +476805 +477464 20 44 1
a contact +482762 +483519 44 20 1
a contact +482762 +483519 20 44 1
a contact +488843 +489577 44 20 1
a contact +488843 +489577 20 44 1
a contact +495033 +495651 44 20 1
a contact +495033 +495651 20 44 1
a contact +501275 +501772 44 20 1
a contact +501275 +501772 20 44 1
a contact +507460 +507983 44 20 1
a contact +507460 +507983 20 44 1
a contact +513564 +514223 44 20 1
a contact +513564 +514223 20 44 1
a contact +519631 +520388 44 20 1
a contact +519631 +520388 20 44 1
a contact +525687 +526438 44 20 1
a contact +525687 +526438 20 44 1
a contact +531742 +532361 44 20 1
a contact +531742 +532361 20 44 1
a contact +537818 +538147 44 20 1
a contact +537818 +538147 20 44 1
a contact +555468 +555775 44 20 1
a contact +555468 +555775 20 44 1
a contact +561248 +561853 44 20 1
a contact +561248 +561853 20 44 1
a contact +567167 +567909 44 20 1
a contact +567167 +567909 20 44 1
a contact +573213 +573965 44 20 1
a contact +573213 +573965 20 44 1
a contact +579374 +580032 44 20 1
a contact +579374 +580032 20 44 1
a contact +585611 +586134 44 20 1
a contact +585611 +586134 20 44 1
a contact +591822 +592319 44 20 1
a contact +591822 +592319 20 44 1
a contact +597945 +598563 44 20 1
a contact +597945 +598563 20 44 1
a contact +604019 +604757 44 20 1
a contact +604019 +604757 20 44 1
a contact +1791 +2528 44 22 1
a contact +1791 +2528 22 44 1
a contact +7880 +8478 44 22 1
a contact +7880 +8478 22 44 1
a contact +42361 +42695 44 22 1
a contact +42361 +42695 22 44 1
a contact +48147 +48897 44 22 1
a contact +48147 +48897 22 44 1
a contact +54484 +54730 44 22 1
a contact +54484 +54730 22 44 1
a contact +86220 +86866 44 22 1
a contact +86220 +86866 22 44 1
a contact +92232 +92945 44 22 1
a contact +92232 +92945 22 44 1
a contact +132558 +133283 44 22 1
a contact +132558 +133283 22 44 1
a contact +138698 +139257 44 22 1
a contact +138698 +139257 22 44 1
a contact +170692 +171143 44 22 1
a contact +170692 +171143 22 44 1
a contact +176609 +177371 44 22 1
a contact +176609 +177371 22 44 1
a contact +182939 +183005 44 22 1
a contact +182939 +183005 22 44 1
a contact +217006 +217647 44 22 1
a contact +217006 +217647 22 44 1
a contact +223013 +223702 44 22 1
a contact +223013 +223702 22 44 1
a contact +261007 +261762 44 22 1
a contact +261007 +261762 22 44 1
a contact +267133 +267654 44 22 1
a contact +267133 +267654 22 44 1
a contact +301508 +301972 44 22 1
a contact +301508 +301972 22 44 1
a contact +307373 +308117 44 22 1
a contact +307373 +308117 22 44 1
a contact +345425 +346118 44 22 1
a contact +345425 +346118 22 44 1
a contact +351468 +352144 44 22 1
a contact +351468 +352144 22 44 1
a contact +391770 +392511 44 22 1
a contact +391770 +392511 22 44 1
a contact +397974 +398444 44 22 1
a contact +397974 +398444 22 44 1
a contact +429874 +430425 44 22 1
a contact +429874 +430425 22 44 1
a contact +435837 +436585 44 22 1
a contact +435837 +436585 22 44 1
a contact +476201 +476885 44 22 1
a contact +476201 +476885 22 44 1
a contact +482261 +482909 44 22 1
a contact +482261 +482909 22 44 1
a contact +514427 +514610 44 22 1
a contact +514427 +514610 22 44 1
a contact +520226 +520990 44 22 1
a contact +520226 +520990 22 44 1
a contact +526399 +526813 44 22 1
a contact +526399 +526813 22 44 1
a contact +560677 +561230 44 22 1
a contact +560677 +561230 22 44 1
a contact +566605 +567334 44 22 1
a contact +566605 +567334 22 44 1
a contact +604635 +604800 44 22 1
a contact +604635 +604800 22 44 1
a contact +5043 +5788 44 24 1
a contact +5043 +5788 24 44 1
a contact +44998 +45577 44 24 1
a contact +44998 +45577 24 44 1
a contact +50954 +51665 44 24 1
a contact +50954 +51665 24 44 1
a contact +89453 +90167 44 24 1
a contact +89453 +90167 24 44 1
a contact +95582 +96072 44 24 1
a contact +95582 +96072 24 44 1
a contact +129592 +129808 44 24 1
a contact +129592 +129808 24 44 1
a contact +135322 +136084 44 24 1
a contact +135322 +136084 24 44 1
a contact +173900 +174499 44 24 1
a contact +173900 +174499 24 44 1
a contact +179901 +180568 44 24 1
a contact +179901 +180568 24 44 1
a contact +219729 +220473 44 24 1
a contact +219729 +220473 24 44 1
a contact +225921 +226376 44 24 1
a contact +225921 +226376 24 44 1
a contact +258434 +258733 44 24 1
a contact +258434 +258733 24 44 1
a contact +264268 +265006 44 24 1
a contact +264268 +265006 24 44 1
a contact +304181 +304829 44 24 1
a contact +304181 +304829 24 44 1
a contact +310202 +310867 44 24 1
a contact +310202 +310867 24 44 1
a contact +348665 +349401 44 24 1
a contact +348665 +349401 24 44 1
a contact +354867 +355218 44 24 1
a contact +354867 +355218 24 44 1
a contact +388703 +389127 44 24 1
a contact +388703 +389127 24 44 1
a contact +394550 +395300 44 24 1
a contact +394550 +395300 24 44 1
a contact +433095 +433755 44 24 1
a contact +433095 +433755 24 44 1
a contact +439147 +439758 44 24 1
a contact +439147 +439758 24 44 1
a contact +478942 +479701 44 24 1
a contact +478942 +479701 24 44 1
a contact +485241 +485513 44 24 1
a contact +485241 +485513 24 44 1
a contact +517579 +518043 44 24 1
a contact +517579 +518043 24 44 1
a contact +523498 +524216 44 24 1
a contact +523498 +524216 24 44 1
a contact +563374 +564072 44 24 1
a contact +563374 +564072 24 44 1
a contact +569460 +570060 44 24 1
a contact +569460 +570060 24 44 1
a contact +24681 +25236 44 26 1
a contact +24681 +25236 26 44 1
a contact +30571 +31310 44 26 1
a contact +30571 +31310 26 44 1
a contact +36625 +37365 44 26 1
a contact +36625 +37365 26 44 1
a contact +42833 +43414 44 26 1
a contact +42833 +43414 26 44 1
a contact +49173 +49471 44 26 1
a contact +49173 +49471 26 44 1
a contact +55449 +55668 44 26 1
a contact +55449 +55668 26 44 1
a contact +61517 +62031 44 26 1
a contact +61517 +62031 26 44 1
a contact +67567 +68284 44 26 1
a contact +67567 +68284 26 44 1
a contact +73619 +74384 44 26 1
a contact +73619 +74384 26 44 1
a contact +79684 +80325 44 26 1
a contact +79684 +80325 26 44 1
a contact +85819 +86054 44 26 1
a contact +85819 +86054 26 44 1
a contact +109157 +109610 44 26 1
a contact +109157 +109610 26 44 1
a contact +114991 +115698 44 26 1
a contact +114991 +115698 26 44 1
a contact +120999 +121756 44 26 1
a contact +120999 +121756 26 44 1
a contact +127162 +127806 44 26 1
a contact +127162 +127806 26 44 1
a contact +133470 +133858 44 26 1
a contact +133470 +133858 26 44 1
a contact +139810 +139980 44 26 1
a contact +139810 +139980 26 44 1
a contact +145908 +146337 44 26 1
a contact +145908 +146337 26 44 1
a contact +151958 +152631 44 26 1
a contact +151958 +152631 26 44 1
a contact +158009 +158777 44 26 1
a contact +158009 +158777 26 44 1
a contact +164068 +164766 44 26 1
a contact +164068 +164766 26 44 1
a contact +170164 +170575 44 26 1
a contact +170164 +170575 26 44 1
a contact +193662 +193967 44 26 1
a contact +193662 +193967 26 44 1
a contact +199426 +200083 44 26 1
a contact +199426 +200083 26 44 1
a contact +205386 +206146 44 26 1
a contact +205386 +206146 26 44 1
a contact +211504 +212197 44 26 1
a contact +211504 +212197 26 44 1
a contact +217773 +218247 44 26 1
a contact +217773 +218247 26 44 1
a contact +224136 +224325 44 26 1
a contact +224136 +224325 26 44 1
a contact +230296 +230636 44 26 1
a contact +230296 +230636 26 44 1
a contact +236350 +236965 44 26 1
a contact +236350 +236965 26 44 1
a contact +242400 +243156 44 26 1
a contact +242400 +243156 26 44 1
a contact +248455 +249192 44 26 1
a contact +248455 +249192 26 44 1
a contact +254533 +255060 44 26 1
a contact +254533 +255060 26 44 1
a contact +283876 +284466 44 26 1
a contact +283876 +284466 26 44 1
a contact +289787 +290535 44 26 1
a contact +289787 +290535 26 44 1
a contact +295860 +296589 44 26 1
a contact +295860 +296589 26 44 1
a contact +302086 +302638 44 26 1
a contact +302086 +302638 26 44 1
a contact +308437 +308699 44 26 1
a contact +308437 +308699 26 44 1
a contact +314679 +314931 44 26 1
a contact +314679 +314931 26 44 1
a contact +320741 +321287 44 26 1
a contact +320741 +321287 26 44 1
a contact +326791 +327522 44 26 1
a contact +326791 +327522 26 44 1
a contact +332843 +333604 44 26 1
a contact +332843 +333604 26 44 1
a contact +338911 +339524 44 26 1
a contact +338911 +339524 26 44 1
a contact +345098 +345185 44 26 1
a contact +345098 +345185 26 44 1
a contact +368344 +368842 44 26 1
a contact +368344 +368842 26 44 1
a contact +374202 +374924 44 26 1
a contact +374202 +374924 26 44 1
a contact +380228 +380980 44 26 1
a contact +380228 +380980 26 44 1
a contact +386410 +387030 44 26 1
a contact +386410 +387030 26 44 1
a contact +392733 +393083 44 26 1
a contact +392733 +393083 26 44 1
a contact +399050 +399233 44 26 1
a contact +399050 +399233 26 44 1
a contact +405132 +405598 44 26 1
a contact +405132 +405598 26 44 1
a contact +411182 +411875 44 26 1
a contact +411182 +411875 26 44 1
a contact +417233 +418002 44 26 1
a contact +417233 +418002 26 44 1
a contact +423294 +423971 44 26 1
a contact +423294 +423971 26 44 1
a contact +429402 +429752 44 26 1
a contact +429402 +429752 26 44 1
a contact +452834 +453208 44 26 1
a contact +452834 +453208 26 44 1
a contact +458630 +459310 44 26 1
a contact +458630 +459310 26 44 1
a contact +464610 +465370 44 26 1
a contact +464610 +465370 26 44 1
a contact +470747 +471421 44 26 1
a contact +470747 +471421 26 44 1
a contact +477032 +477472 44 26 1
a contact +477032 +477472 26 44 1
a contact +483391 +483564 44 26 1
a contact +483391 +483564 26 44 1
a contact +489521 +489899 44 26 1
a contact +489521 +489899 26 44 1
a contact +495574 +496214 44 26 1
a contact +495574 +496214 26 44 1
a contact +501624 +502387 44 26 1
a contact +501624 +502387 26 44 1
a contact +507680 +508403 44 26 1
a contact +507680 +508403 26 44 1
a contact +513764 +514248 44 26 1
a contact +513764 +514248 26 44 1
a contact +537374 +537536 44 26 1
a contact +537374 +537536 26 44 1
a contact +543074 +543694 44 26 1
a contact +543074 +543694 26 44 1
a contact +549005 +549760 44 26 1
a contact +549005 +549760 26 44 1
a contact +555097 +555813 44 26 1
a contact +555097 +555813 26 44 1
a contact +561341 +561862 44 26 1
a contact +561341 +561862 26 44 1
a contact +567700 +567928 44 26 1
a contact +567700 +567928 26 44 1
a contact +573907 +574194 44 26 1
a contact +573907 +574194 26 44 1
a contact +579965 +580541 44 26 1
a contact +579965 +580541 26 44 1
a contact +586015 +586758 44 26 1
a contact +586015 +586758 26 44 1
a contact +592068 +592821 44 26 1
a contact +592068 +592821 26 44 1
a contact +598140 +598720 44 26 1
a contact +598140 +598720 26 44 1
a contact +18117 +18807 44 30 1
a contact +18117 +18807 30 44 1
a contact +24173 +24839 44 30 1
a contact +24173 +24839 30 44 1
a contact +56112 +56442 44 30 1
a contact +56112 +56442 30 44 1
a contact +61989 +62754 44 30 1
a contact +61989 +62754 30 44 1
a contact +68136 +68603 44 30 1
a contact +68136 +68603 30 44 1
a contact +102585 +103160 44 30 1
a contact +102585 +103160 30 44 1
a contact +108522 +109256 44 30 1
a contact +108522 +109256 30 44 1
a contact +146394 +147127 44 30 1
a contact +146394 +147127 30 44 1
a contact +152465 +153107 44 30 1
a contact +152465 +153107 30 44 1
a contact +187122 +187462 44 30 1
a contact +187122 +187462 30 44 1
a contact +192906 +193656 44 30 1
a contact +192906 +193656 30 44 1
a contact +199153 +199576 44 30 1
a contact +199153 +199576 30 44 1
a contact +230819 +231463 44 30 1
a contact +230819 +231463 30 44 1
a contact +236829 +237559 44 30 1
a contact +236829 +237559 30 44 1
a contact +277321 +278040 44 30 1
a contact +277321 +278040 30 44 1
a contact +283426 +284044 44 30 1
a contact +283426 +284044 30 44 1
a contact +315281 +315744 44 30 1
a contact +315281 +315744 30 44 1
a contact +321212 +321977 44 30 1
a contact +321212 +321977 30 44 1
a contact +327409 +327752 44 30 1
a contact +327409 +327752 30 44 1
a contact +361772 +362404 44 30 1
a contact +361772 +362404 30 44 1
a contact +367759 +368472 44 30 1
a contact +367759 +368472 30 44 1
a contact +405610 +406362 44 30 1
a contact +405610 +406362 30 44 1
a contact +411709 +412292 44 30 1
a contact +411709 +412292 30 44 1
a contact +446272 +446734 44 30 1
a contact +446272 +446734 30 44 1
a contact +452129 +452878 44 30 1
a contact +452129 +452878 30 44 1
a contact +458465 +458734 44 30 1
a contact +458465 +458734 30 44 1
a contact +490026 +490714 44 30 1
a contact +490026 +490714 30 44 1
a contact +496062 +496763 44 30 1
a contact +496062 +496763 30 44 1
a contact +536531 +537269 44 30 1
a contact +536531 +537269 30 44 1
a contact +542689 +543244 44 30 1
a contact +542689 +543244 30 44 1
a contact +574469 +575022 44 30 1
a contact +574469 +575022 30 44 1
a contact +580437 +581194 44 30 1
a contact +580437 +581194 30 44 1
a contact +586754 +586826 44 30 1
a contact +586754 +586826 30 44 1
a contact +3626 +3913 44 32 1
a contact +3626 +3913 32 44 1
a contact +28620 +29196 44 32 1
a contact +28620 +29196 32 44 1
a contact +34625 +35382 44 32 1
a contact +34625 +35382 32 44 1
a contact +40717 +41299 44 32 1
a contact +40717 +41299 32 44 1
a contact +75659 +76316 44 32 1
a contact +75659 +76316 32 44 1
a contact +81627 +82389 44 32 1
a contact +81627 +82389 32 44 1
a contact +87869 +88375 44 32 1
a contact +87869 +88375 32 44 1
a contact +113054 +113477 44 32 1
a contact +113054 +113477 32 44 1
a contact +119020 +119762 44 32 1
a contact +119020 +119762 32 44 1
a contact +125084 +125759 44 32 1
a contact +125084 +125759 32 44 1
a contact +160131 +160678 44 32 1
a contact +160131 +160678 32 44 1
a contact +166015 +166782 44 32 1
a contact +166015 +166782 32 44 1
a contact +172169 +172799 44 32 1
a contact +172169 +172799 32 44 1
a contact +203422 +204120 44 32 1
a contact +203422 +204120 32 44 1
a contact +209463 +210193 44 32 1
a contact +209463 +210193 32 44 1
a contact +215626 +215964 44 32 1
a contact +215626 +215964 32 44 1
a contact +244648 +245012 44 32 1
a contact +244648 +245012 32 44 1
a contact +250426 +251168 44 32 1
a contact +250426 +251168 32 44 1
a contact +256501 +257209 44 32 1
a contact +256501 +257209 32 44 1
a contact +262983 +263042 44 32 1
a contact +262983 +263042 32 44 1
a contact +287832 +288453 44 32 1
a contact +287832 +288453 32 44 1
a contact +293849 +294604 44 32 1
a contact +293849 +294604 32 44 1
a contact +299955 +300485 44 32 1
a contact +299955 +300485 32 44 1
a contact +334859 +335548 44 32 1
a contact +334859 +335548 32 44 1
a contact +340858 +341611 44 32 1
a contact +340858 +341611 32 44 1
a contact +347145 +347577 44 32 1
a contact +347145 +347577 32 44 1
a contact +372257 +372753 44 32 1
a contact +372257 +372753 32 44 1
a contact +378242 +378993 44 32 1
a contact +378242 +378993 32 44 1
a contact +384316 +384958 44 32 1
a contact +384316 +384958 32 44 1
a contact +419318 +419916 44 32 1
a contact +419318 +419916 32 44 1
a contact +425238 +426006 44 32 1
a contact +425238 +426006 32 44 1
a contact +431426 +432012 44 32 1
a contact +431426 +432012 32 44 1
a contact +456720 +456995 44 32 1
a contact +456720 +456995 32 44 1
a contact +462641 +463361 44 32 1
a contact +462641 +463361 32 44 1
a contact +468691 +469402 44 32 1
a contact +468691 +469402 32 44 1
a contact +474907 +475098 44 32 1
a contact +474907 +475098 32 44 1
a contact +503812 +504266 44 32 1
a contact +503812 +504266 32 44 1
a contact +509639 +510395 44 32 1
a contact +509639 +510395 32 44 1
a contact +515746 +516426 44 32 1
a contact +515746 +516426 32 44 1
a contact +547047 +547704 44 32 1
a contact +547047 +547704 32 44 1
a contact +553075 +553822 44 32 1
a contact +553075 +553822 32 44 1
a contact +559199 +559663 44 32 1
a contact +559199 +559663 32 44 1
a contact +588397 +588540 44 32 1
a contact +588397 +588540 32 44 1
a contact +594063 +594778 44 32 1
a contact +594063 +594778 32 44 1
a contact +600093 +600831 44 32 1
a contact +600093 +600831 32 44 1
a contact +32678 +33042 44 34 1
a contact +32678 +33042 34 44 1
a contact +38515 +39259 44 34 1
a contact +38515 +39259 34 44 1
a contact +77793 +78440 44 34 1
a contact +77793 +78440 34 44 1
a contact +83853 +84434 44 34 1
a contact +83853 +84434 34 44 1
a contact +122906 +123665 44 34 1
a contact +122906 +123665 34 44 1
a contact +162306 +162726 44 34 1
a contact +162306 +162726 34 44 1
a contact +168186 +168896 44 34 1
a contact +168186 +168896 34 44 1
a contact +207336 +208030 44 34 1
a contact +207336 +208030 34 44 1
a contact +213429 +213989 44 34 1
a contact +213429 +213989 34 44 1
a contact +252568 +253310 44 34 1
a contact +252568 +253310 34 44 1
a contact +291825 +292338 44 34 1
a contact +291825 +292338 34 44 1
a contact +297751 +298465 44 34 1
a contact +297751 +298465 34 44 1
a contact +336990 +337685 44 34 1
a contact +336990 +337685 34 44 1
a contact +343124 +343605 44 34 1
a contact +343124 +343605 34 44 1
a contact +382125 +382887 44 34 1
a contact +382125 +382887 34 44 1
a contact +421466 +422007 44 34 1
a contact +421466 +422007 34 44 1
a contact +427427 +428098 44 34 1
a contact +427427 +428098 34 44 1
a contact +466538 +467270 44 34 1
a contact +466538 +467270 34 44 1
a contact +472708 +473150 44 34 1
a contact +472708 +473150 34 44 1
a contact +511791 +512530 44 34 1
a contact +511791 +512530 34 44 1
a contact +550998 +551606 44 34 1
a contact +550998 +551606 34 44 1
a contact +556996 +557662 44 34 1
a contact +556996 +557662 34 44 1
a contact +596196 +596921 44 34 1
a contact +596196 +596921 34 44 1
a contact +602426 +602745 44 34 1
a contact +602426 +602745 34 44 1
a contact +838 +1433 44 36 1
a contact +838 +1433 36 44 1
a contact +6764 +7433 44 36 1
a contact +6764 +7433 36 44 1
a contact +12725 +13458 44 36 1
a contact +12725 +13458 36 44 1
a contact +18738 +19502 44 36 1
a contact +18738 +19502 36 44 1
a contact +24806 +25564 44 36 1
a contact +24806 +25564 36 44 1
a contact +30914 +31650 44 36 1
a contact +30914 +31650 36 44 1
a contact +37035 +37759 44 36 1
a contact +37035 +37759 36 44 1
a contact +43145 +43881 44 36 1
a contact +43145 +43881 36 44 1
a contact +49231 +49991 44 36 1
a contact +49231 +49991 36 44 1
a contact +55295 +56062 44 36 1
a contact +55295 +56062 36 44 1
a contact +61340 +62080 44 36 1
a contact +61340 +62080 36 44 1
a contact +67366 +68043 44 36 1
a contact +67366 +68043 36 44 1
a contact +73368 +73970 44 36 1
a contact +73368 +73970 36 44 1
a contact +79335 +79893 44 36 1
a contact +79335 +79893 36 44 1
a contact +85267 +85846 44 36 1
a contact +85267 +85846 36 44 1
a contact +91189 +91836 44 36 1
a contact +91189 +91836 36 44 1
a contact +97137 +97854 44 36 1
a contact +97137 +97854 36 44 1
a contact +103134 +103893 44 36 1
a contact +103134 +103893 36 44 1
a contact +109187 +109950 44 36 1
a contact +109187 +109950 36 44 1
a contact +115286 +116028 44 36 1
a contact +115286 +116028 36 44 1
a contact +121406 +122131 44 36 1
a contact +121406 +122131 36 44 1
a contact +127521 +128251 44 36 1
a contact +127521 +128251 36 44 1
a contact +133614 +134368 44 36 1
a contact +133614 +134368 36 44 1
a contact +139684 +140453 44 36 1
a contact +139684 +140453 36 44 1
a contact +145734 +146486 44 36 1
a contact +145734 +146486 36 44 1
a contact +151766 +152465 44 36 1
a contact +151766 +152465 36 44 1
a contact +157776 +158399 44 36 1
a contact +157776 +158399 36 44 1
a contact +163755 +164320 44 36 1
a contact +163755 +164320 36 44 1
a contact +169696 +170262 44 36 1
a contact +169696 +170262 36 44 1
a contact +175617 +176242 44 36 1
a contact +175617 +176242 36 44 1
a contact +181554 +182253 44 36 1
a contact +181554 +182253 36 44 1
a contact +187535 +188286 44 36 1
a contact +187535 +188286 36 44 1
a contact +193572 +194337 44 36 1
a contact +193572 +194337 36 44 1
a contact +199659 +200409 44 36 1
a contact +199659 +200409 36 44 1
a contact +205776 +206504 44 36 1
a contact +205776 +206504 36 44 1
a contact +211895 +212621 44 36 1
a contact +211895 +212621 36 44 1
a contact +217995 +218742 44 36 1
a contact +217995 +218742 36 44 1
a contact +224072 +224839 44 36 1
a contact +224072 +224839 36 44 1
a contact +230127 +230888 44 36 1
a contact +230127 +230888 36 44 1
a contact +236165 +236882 44 36 1
a contact +236165 +236882 36 44 1
a contact +242182 +242827 44 36 1
a contact +242182 +242827 36 44 1
a contact +248171 +248748 44 36 1
a contact +248171 +248748 36 44 1
a contact +254122 +254681 44 36 1
a contact +254122 +254681 36 44 1
a contact +260046 +260650 44 36 1
a contact +260046 +260650 36 44 1
a contact +265975 +266653 44 36 1
a contact +265975 +266653 36 44 1
a contact +271941 +272680 44 36 1
a contact +271941 +272680 36 44 1
a contact +277962 +278726 44 36 1
a contact +277962 +278726 36 44 1
a contact +284035 +284791 44 36 1
a contact +284035 +284791 36 44 1
a contact +290146 +290880 44 36 1
a contact +290146 +290880 36 44 1
a contact +296268 +296991 44 36 1
a contact +296268 +296991 36 44 1
a contact +302374 +303113 44 36 1
a contact +302374 +303113 36 44 1
a contact +308458 +309220 44 36 1
a contact +308458 +309220 36 44 1
a contact +314519 +315285 44 36 1
a contact +314519 +315285 36 44 1
a contact +320562 +321296 44 36 1
a contact +320562 +321296 36 44 1
a contact +326585 +327253 44 36 1
a contact +326585 +327253 36 44 1
a contact +332584 +333178 44 36 1
a contact +332584 +333178 36 44 1
a contact +338546 +339103 44 36 1
a contact +338546 +339103 36 44 1
a contact +344475 +345061 44 36 1
a contact +344475 +345061 36 44 1
a contact +350399 +351055 44 36 1
a contact +350399 +351055 36 44 1
a contact +356352 +357076 44 36 1
a contact +356352 +357076 36 44 1
a contact +362356 +363117 44 36 1
a contact +362356 +363117 36 44 1
a contact +368415 +369176 44 36 1
a contact +368415 +369176 36 44 1
a contact +374518 +375257 44 36 1
a contact +374518 +375257 36 44 1
a contact +380639 +381362 44 36 1
a contact +380639 +381362 36 44 1
a contact +386751 +387484 44 36 1
a contact +386751 +387484 36 44 1
a contact +392842 +393598 44 36 1
a contact +392842 +393598 36 44 1
a contact +398909 +399678 44 36 1
a contact +398909 +399678 36 44 1
a contact +404957 +405705 44 36 1
a contact +404957 +405705 36 44 1
a contact +410987 +411676 44 36 1
a contact +410987 +411676 36 44 1
a contact +416993 +417608 44 36 1
a contact +416993 +417608 36 44 1
a contact +422967 +423529 44 36 1
a contact +422967 +423529 36 44 1
a contact +428904 +429475 44 36 1
a contact +428904 +429475 36 44 1
a contact +434826 +435459 44 36 1
a contact +434826 +435459 36 44 1
a contact +440767 +441473 44 36 1
a contact +440767 +441473 36 44 1
a contact +446755 +447509 44 36 1
a contact +446755 +447509 36 44 1
a contact +452798 +453562 44 36 1
a contact +452798 +453562 36 44 1
a contact +458890 +459637 44 36 1
a contact +458890 +459637 36 44 1
a contact +465009 +465735 44 36 1
a contact +465009 +465735 36 44 1
a contact +471126 +471854 44 36 1
a contact +471126 +471854 36 44 1
a contact +477224 +477973 44 36 1
a contact +477224 +477973 36 44 1
a contact +483297 +484065 44 36 1
a contact +483297 +484065 36 44 1
a contact +489351 +490109 44 36 1
a contact +489351 +490109 36 44 1
a contact +495386 +496096 44 36 1
a contact +495386 +496096 36 44 1
a contact +501400 +502036 44 36 1
a contact +501400 +502036 36 44 1
a contact +507385 +507957 44 36 1
a contact +507385 +507957 36 44 1
a contact +513332 +513893 44 36 1
a contact +513332 +513893 36 44 1
a contact +519254 +519866 44 36 1
a contact +519254 +519866 36 44 1
a contact +525186 +525873 44 36 1
a contact +525186 +525873 36 44 1
a contact +531159 +531902 44 36 1
a contact +531159 +531902 36 44 1
a contact +537186 +537951 44 36 1
a contact +537186 +537951 36 44 1
a contact +543265 +544019 44 36 1
a contact +543265 +544019 36 44 1
a contact +549379 +550110 44 36 1
a contact +549379 +550110 36 44 1
a contact +555500 +556224 44 36 1
a contact +555500 +556224 36 44 1
a contact +561604 +562346 44 36 1
a contact +561604 +562346 36 44 1
a contact +567684 +568449 44 36 1
a contact +567684 +568449 36 44 1
a contact +573743 +574508 44 36 1
a contact +573743 +574508 36 44 1
a contact +579784 +580511 44 36 1
a contact +579784 +580511 36 44 1
a contact +585805 +586463 44 36 1
a contact +585805 +586463 36 44 1
a contact +591799 +592386 44 36 1
a contact +591799 +592386 36 44 1
a contact +597757 +598314 44 36 1
a contact +597757 +598314 36 44 1
a contact +603684 +604276 44 36 1
a contact +603684 +604276 36 44 1
a contact +25879 +26609 44 38 1
a contact +25879 +26609 38 44 1
a contact +31955 +32582 44 38 1
a contact +31955 +32582 38 44 1
a contact +66525 +66820 44 38 1
a contact +66525 +66820 38 44 1
a contact +72287 +73037 44 38 1
a contact +72287 +73037 38 44 1
a contact +78564 +78924 44 38 1
a contact +78564 +78924 38 44 1
a contact +110310 +110942 44 38 1
a contact +110310 +110942 38 44 1
a contact +116313 +117040 44 38 1
a contact +116313 +117040 38 44 1
a contact +156703 +157420 44 38 1
a contact +156703 +157420 38 44 1
a contact +162817 +163414 44 38 1
a contact +162817 +163414 38 44 1
a contact +194785 +195211 44 38 1
a contact +194785 +195211 38 44 1
a contact +200695 +201459 44 38 1
a contact +200695 +201459 38 44 1
a contact +206928 +207197 44 38 1
a contact +206928 +207197 38 44 1
a contact +241156 +241782 44 38 1
a contact +241156 +241782 38 44 1
a contact +247143 +247849 44 38 1
a contact +247143 +247849 38 44 1
a contact +285094 +285845 44 38 1
a contact +285094 +285845 38 44 1
a contact +291202 +291764 44 38 1
a contact +291202 +291764 38 44 1
a contact +325665 +326103 44 38 1
a contact +325665 +326103 38 44 1
a contact +331511 +332259 44 38 1
a contact +331511 +332259 38 44 1
a contact +337929 +338028 44 38 1
a contact +337929 +338028 38 44 1
a contact +369514 +370196 44 38 1
a contact +369514 +370196 38 44 1
a contact +375547 +376241 44 38 1
a contact +375547 +376241 38 44 1
a contact +415913 +416650 44 38 1
a contact +415913 +416650 38 44 1
a contact +422085 +422608 44 38 1
a contact +422085 +422608 38 44 1
a contact +453966 +454497 44 38 1
a contact +453966 +454497 38 44 1
a contact +459921 +460676 44 38 1
a contact +459921 +460676 38 44 1
a contact +500349 +501021 44 38 1
a contact +500349 +501021 38 44 1
a contact +506388 +507058 44 38 1
a contact +506388 +507058 38 44 1
a contact +538545 +538651 44 38 1
a contact +538545 +538651 38 44 1
a contact +544313 +545075 44 38 1
a contact +544313 +545075 38 44 1
a contact +550459 +550933 44 38 1
a contact +550459 +550933 38 44 1
a contact +584831 +585363 44 38 1
a contact +584831 +585363 38 44 1
a contact +590740 +591477 44 38 1
a contact +590740 +591477 38 44 1
a contact +886 +1201 44 40 1
a contact +886 +1201 40 44 1
a contact +6677 +7262 44 40 1
a contact +6677 +7262 40 44 1
a contact +12585 +13314 44 40 1
a contact +12585 +13314 40 44 1
a contact +18608 +19368 44 40 1
a contact +18608 +19368 40 44 1
a contact +24740 +25435 44 40 1
a contact +24740 +25435 40 44 1
a contact +30949 +31532 44 40 1
a contact +30949 +31532 40 44 1
a contact +37156 +37695 44 40 1
a contact +37156 +37695 40 44 1
a contact +43293 +43915 44 40 1
a contact +43293 +43915 40 44 1
a contact +49376 +50106 44 40 1
a contact +49376 +50106 40 44 1
a contact +55437 +56206 44 40 1
a contact +55437 +56206 40 44 1
a contact +61490 +62193 44 40 1
a contact +61490 +62193 40 44 1
a contact +67542 +68064 44 40 1
a contact +67542 +68064 40 44 1
a contact +73618 +73812 44 40 1
a contact +73618 +73812 40 44 1
a contact +85382 +85577 44 40 1
a contact +85382 +85577 40 44 1
a contact +91132 +91652 44 40 1
a contact +91132 +91652 40 44 1
a contact +97006 +97705 44 40 1
a contact +97006 +97705 40 44 1
a contact +102995 +103757 44 40 1
a contact +102995 +103757 40 44 1
a contact +109097 +109819 44 40 1
a contact +109097 +109819 40 44 1
a contact +115289 +115904 44 40 1
a contact +115289 +115904 40 44 1
a contact +121507 +122045 44 40 1
a contact +121507 +122045 40 44 1
a contact +127666 +128255 44 40 1
a contact +127666 +128255 40 44 1
a contact +133761 +134464 44 40 1
a contact +133761 +134464 40 44 1
a contact +139827 +140594 44 40 1
a contact +139827 +140594 40 44 1
a contact +145881 +146615 44 40 1
a contact +145881 +146615 40 44 1
a contact +151932 +152520 44 40 1
a contact +151932 +152520 40 44 1
a contact +157994 +158308 44 40 1
a contact +157994 +158308 40 44 1
a contact +175597 +176041 44 40 1
a contact +175597 +176041 40 44 1
a contact +181437 +182096 44 40 1
a contact +181437 +182096 40 44 1
a contact +187392 +188147 44 40 1
a contact +187392 +188147 40 44 1
a contact +193462 +194205 44 40 1
a contact +193462 +194205 40 44 1
a contact +199632 +200281 44 40 1
a contact +199632 +200281 40 44 1
a contact +205852 +206402 44 40 1
a contact +205852 +206402 40 44 1
a contact +212033 +212595 44 40 1
a contact +212033 +212595 40 44 1
a contact +218144 +218814 44 40 1
a contact +218144 +218814 40 44 1
a contact +224215 +224972 44 40 1
a contact +224215 +224972 40 44 1
a contact +230272 +231027 44 40 1
a contact +230272 +231027 40 44 1
a contact +236323 +236966 44 40 1
a contact +236323 +236966 40 44 1
a contact +242379 +242789 44 40 1
a contact +242379 +242789 40 44 1
a contact +260072 +260428 44 40 1
a contact +260072 +260428 40 44 1
a contact +265878 +266487 44 40 1
a contact +265878 +266487 40 44 1
a contact +271799 +272538 44 40 1
a contact +271799 +272538 40 44 1
a contact +277836 +278593 44 40 1
a contact +277836 +278593 40 44 1
a contact +283980 +284662 44 40 1
a contact +283980 +284662 40 44 1
a contact +290194 +290765 44 40 1
a contact +290194 +290765 40 44 1
a contact +296394 +296937 44 40 1
a contact +296394 +296937 40 44 1
a contact +302523 +303159 44 40 1
a contact +302523 +303159 40 44 1
a contact +308603 +309342 44 40 1
a contact +308603 +309342 40 44 1
a contact +314662 +315428 44 40 1
a contact +314662 +315428 40 44 1
a contact +320714 +321401 44 40 1
a contact +320714 +321401 40 44 1
a contact +326767 +327258 44 40 1
a contact +326767 +327258 40 44 1
a contact +332858 +332982 44 40 1
a contact +332858 +332982 40 44 1
a contact +344560 +344809 44 40 1
a contact +344560 +344809 40 44 1
a contact +350328 +350877 44 40 1
a contact +350328 +350877 40 44 1
a contact +356216 +356929 44 40 1
a contact +356216 +356929 40 44 1
a contact +362220 +362982 44 40 1
a contact +362220 +362982 40 44 1
a contact +368334 +369046 44 40 1
a contact +368334 +369046 40 44 1
a contact +374534 +375135 44 40 1
a contact +374534 +375135 40 44 1
a contact +380748 +381285 44 40 1
a contact +380748 +381285 40 44 1
a contact +386898 +387500 44 40 1
a contact +386898 +387500 40 44 1
a contact +392988 +393703 44 40 1
a contact +392988 +393703 40 44 1
a contact +399052 +399820 44 40 1
a contact +399052 +399820 40 44 1
a contact +405105 +405827 44 40 1
a contact +405105 +405827 40 44 1
a contact +411157 +411718 44 40 1
a contact +411157 +411718 40 44 1
a contact +417223 +417491 44 40 1
a contact +417223 +417491 40 44 1
a contact +429078 +429165 44 40 1
a contact +429078 +429165 40 44 1
a contact +434789 +435266 44 40 1
a contact +434789 +435266 40 44 1
a contact +440643 +441320 44 40 1
a contact +440643 +441320 40 44 1
a contact +446613 +447372 44 40 1
a contact +446613 +447372 40 44 1
a contact +452696 +453431 44 40 1
a contact +452696 +453431 40 44 1
a contact +458876 +459511 44 40 1
a contact +458876 +459511 40 44 1
a contact +465096 +465639 44 40 1
a contact +465096 +465639 40 44 1
a contact +471268 +471840 44 40 1
a contact +471268 +471840 40 44 1
a contact +477372 +478056 44 40 1
a contact +477372 +478056 40 44 1
a contact +483441 +484203 44 40 1
a contact +483441 +484203 40 44 1
a contact +489496 +490243 44 40 1
a contact +489496 +490243 40 44 1
a contact +495547 +496168 44 40 1
a contact +495547 +496168 40 44 1
a contact +501605 +501977 44 40 1
a contact +501605 +501977 40 44 1
a contact +519260 +519654 44 40 1
a contact +519260 +519654 40 44 1
a contact +525080 +525711 44 40 1
a contact +525080 +525711 40 44 1
a contact +531016 +531762 44 40 1
a contact +531016 +531762 40 44 1
a contact +537066 +537818 44 40 1
a contact +537066 +537818 40 44 1
a contact +543221 +543890 44 40 1
a contact +543221 +543890 40 44 1
a contact +549438 +550000 44 40 1
a contact +549438 +550000 40 44 1
a contact +555632 +556181 44 40 1
a contact +555632 +556181 40 44 1
a contact +561752 +562403 44 40 1
a contact +561752 +562403 40 44 1
a contact +567828 +568576 44 40 1
a contact +567828 +568576 40 44 1
a contact +573886 +574649 44 40 1
a contact +573886 +574649 40 44 1
a contact +579938 +580608 44 40 1
a contact +579938 +580608 40 44 1
a contact +585992 +586451 44 40 1
a contact +585992 +586451 40 44 1
a contact +603742 +604038 44 40 1
a contact +603742 +604038 40 44 1
a contact +755 +1239 44 42 1
a contact +755 +1239 42 44 1
a contact +6613 +7287 44 42 1
a contact +6613 +7287 42 44 1
a contact +12580 +13338 44 42 1
a contact +12580 +13338 42 44 1
a contact +18655 +19397 44 42 1
a contact +18655 +19397 42 44 1
a contact +24822 +25476 44 42 1
a contact +24822 +25476 42 44 1
a contact +31031 +31601 44 42 1
a contact +31031 +31601 42 44 1
a contact +37203 +37791 44 42 1
a contact +37203 +37791 42 44 1
a contact +43310 +43998 44 42 1
a contact +43310 +43998 42 44 1
a contact +49382 +50143 44 42 1
a contact +49382 +50143 42 44 1
a contact +55437 +56189 44 42 1
a contact +55437 +56189 42 44 1
a contact +61486 +62124 44 42 1
a contact +61486 +62124 42 44 1
a contact +67535 +67954 44 42 1
a contact +67535 +67954 42 44 1
a contact +73627 +73660 44 42 1
a contact +73627 +73660 42 44 1
a contact +85221 +85630 44 42 1
a contact +85221 +85630 42 44 1
a contact +91050 +91679 44 42 1
a contact +91050 +91679 42 44 1
a contact +96984 +97728 44 42 1
a contact +96984 +97728 42 44 1
a contact +103028 +103784 44 42 1
a contact +103028 +103784 42 44 1
a contact +109172 +109856 44 42 1
a contact +109172 +109856 42 44 1
a contact +115377 +115964 44 42 1
a contact +115377 +115964 42 44 1
a contact +121566 +122136 44 42 1
a contact +121566 +122136 42 44 1
a contact +127690 +128347 44 42 1
a contact +127690 +128347 42 44 1
a contact +133769 +134516 44 42 1
a contact +133769 +134516 42 44 1
a contact +139828 +140592 44 42 1
a contact +139828 +140592 42 44 1
a contact +145878 +146560 44 42 1
a contact +145878 +146560 42 44 1
a contact +151926 +152420 44 42 1
a contact +151926 +152420 42 44 1
a contact +157984 +158180 44 42 1
a contact +157984 +158180 42 44 1
a contact +169696 +170020 44 42 1
a contact +169696 +170020 42 44 1
a contact +175495 +176071 44 42 1
a contact +175495 +176071 42 44 1
a contact +181398 +182119 44 42 1
a contact +181398 +182119 42 44 1
a contact +187410 +188172 44 42 1
a contact +187410 +188172 42 44 1
a contact +193527 +194238 44 42 1
a contact +193527 +194238 42 44 1
a contact +199720 +200332 44 42 1
a contact +199720 +200332 42 44 1
a contact +205922 +206484 44 42 1
a contact +205922 +206484 42 44 1
a contact +212065 +212692 44 42 1
a contact +212065 +212692 42 44 1
a contact +218155 +218881 44 42 1
a contact +218155 +218881 42 44 1
a contact +224218 +224987 44 42 1
a contact +224218 +224987 42 44 1
a contact +230270 +230987 44 42 1
a contact +230270 +230987 42 44 1
a contact +236318 +236878 44 42 1
a contact +236318 +236878 42 44 1
a contact +242370 +242667 44 42 1
a contact +242370 +242667 42 44 1
a contact +254179 +254408 44 42 1
a contact +254179 +254408 42 44 1
a contact +259950 +260463 44 42 1
a contact +259950 +260463 42 44 1
a contact +265821 +266511 44 42 1
a contact +265821 +266511 42 44 1
a contact +271801 +272562 44 42 1
a contact +271801 +272562 42 44 1
a contact +277889 +278623 44 42 1
a contact +277889 +278623 42 44 1
a contact +284065 +284706 44 42 1
a contact +284065 +284706 42 44 1
a contact +290273 +290838 44 42 1
a contact +290273 +290838 42 44 1
a contact +296437 +297035 44 42 1
a contact +296437 +297035 42 44 1
a contact +302538 +303238 44 42 1
a contact +302538 +303238 42 44 1
a contact +308607 +309372 44 42 1
a contact +308607 +309372 42 44 1
a contact +314661 +315405 44 42 1
a contact +314661 +315405 42 44 1
a contact +320710 +321327 44 42 1
a contact +320710 +321327 42 44 1
a contact +326759 +327145 44 42 1
a contact +326759 +327145 42 44 1
a contact +338679 +338784 44 42 1
a contact +338679 +338784 42 44 1
a contact +344413 +344854 44 42 1
a contact +344413 +344854 42 44 1
a contact +350254 +350903 44 42 1
a contact +350254 +350903 42 44 1
a contact +356202 +356952 44 42 1
a contact +356202 +356952 42 44 1
a contact +362259 +363009 44 42 1
a contact +362259 +363009 42 44 1
a contact +368412 +369084 44 42 1
a contact +368412 +369084 42 44 1
a contact +374620 +375199 44 42 1
a contact +374620 +375199 42 44 1
a contact +380802 +381379 44 42 1
a contact +380802 +381379 42 44 1
a contact +386919 +387589 44 42 1
a contact +386919 +387589 42 44 1
a contact +392995 +393749 44 42 1
a contact +392995 +393749 42 44 1
a contact +399052 +399812 44 42 1
a contact +399052 +399812 42 44 1
a contact +405102 +405767 44 42 1
a contact +405102 +405767 42 44 1
a contact +411150 +411614 44 42 1
a contact +411150 +411614 42 44 1
a contact +417214 +417359 44 42 1
a contact +417214 +417359 42 44 1
a contact +428884 +429245 44 42 1
a contact +428884 +429245 42 44 1
a contact +434696 +435295 44 42 1
a contact +434696 +435295 42 44 1
a contact +440612 +441343 44 42 1
a contact +440612 +441343 42 44 1
a contact +446637 +447397 44 42 1
a contact +446637 +447397 42 44 1
a contact +452765 +453465 44 42 1
a contact +452765 +453465 42 44 1
a contact +458964 +459565 44 42 1
a contact +458964 +459565 42 44 1
a contact +465161 +465725 44 42 1
a contact +465161 +465725 42 44 1
a contact +471296 +471935 44 42 1
a contact +471296 +471935 42 44 1
a contact +477381 +478116 44 42 1
a contact +477381 +478116 42 44 1
a contact +483443 +484211 44 42 1
a contact +483443 +484211 42 44 1
a contact +489494 +490198 44 42 1
a contact +489494 +490198 42 44 1
a contact +495542 +496076 44 42 1
a contact +495542 +496076 42 44 1
a contact +501595 +501853 44 42 1
a contact +501595 +501853 42 44 1
a contact +513364 +513634 44 42 1
a contact +513364 +513634 42 44 1
a contact +519147 +519687 44 42 1
a contact +519147 +519687 42 44 1
a contact +525031 +525735 44 42 1
a contact +525031 +525735 42 44 1
a contact +531024 +531787 44 42 1
a contact +531024 +531787 42 44 1
a contact +537124 +537849 44 42 1
a contact +537124 +537849 42 44 1
a contact +543308 +543937 44 42 1
a contact +543308 +543937 42 44 1
a contact +549515 +550077 44 42 1
a contact +549515 +550077 42 44 1
a contact +555669 +556279 44 42 1
a contact +555669 +556279 42 44 1
a contact +561766 +562477 44 42 1
a contact +561766 +562477 42 44 1
a contact +567832 +568600 44 42 1
a contact +567832 +568600 42 44 1
a contact +573885 +574619 44 42 1
a contact +573885 +574619 42 44 1
a contact +579934 +580528 44 42 1
a contact +579934 +580528 42 44 1
a contact +585984 +586334 44 42 1
a contact +585984 +586334 42 44 1
a contact +597855 +598017 44 42 1
a contact +597855 +598017 42 44 1
a contact +603606 +604078 44 42 1
a contact +603606 +604078 42 44 1
