a contact +0 +604800 3 2 1
a contact +0 +604800 2 3 1
a contact +0 +604800 5 4 1
a contact +0 +604800 4 5 1
a contact +0 +604800 2 1 1
a contact +0 +604800 1 2 1
a contact +0 +604800 4 1 1
a contact +0 +604800 1 4 1
a contact +0 +604800 44 45 1
a contact +0 +604800 45 44 1
a contact +0 +604800 45 46 1
a contact +0 +604800 46 45 1
a contact +0 +604800 46 47 1
a contact +0 +604800 47 46 1
a contact +0 +604800 47 48 1
a contact +0 +604800 48 47 1
a contact +3985 +4815 44 3 1
a contact +3985 +4815 3 44 1
a contact +10082 +10969 44 3 1
a contact +10082 +10969 3 44 1
a contact +16149 +17053 44 3 1
a contact +16149 +17053 3 44 1
a contact +22195 +23051 44 3 1
a contact +22195 +23051 3 44 1
a contact +28220 +28964 44 3 1
a contact +28220 +28964 3 44 1
a contact +34213 +34823 44 3 1
a contact +34213 +34823 3 44 1
a contact +40145 +40689 44 3 1
a contact +40145 +40689 3 44 1
a contact +46010 +46624 44 3 1
a contact +46010 +46624 3 44 1
a contact +51867 +52619 44 3 1
a contact +51867 +52619 3 44 1
a contact +57781 +58644 44 3 1
a contact +57781 +58644 3 44 1
a contact +63779 +64690 44 3 1
a contact +63779 +64690 3 44 1
a contact +69865 +70757 44 3 1
a contact +69865 +70757 3 44 1
a contact +76021 +76853 44 3 1
a contact +76021 +76853 3 44 1
a contact +82201 +82993 44 3 1
a contact +82201 +82993 3 44 1
a contact +88355 +89169 44 3 1
a contact +88355 +89169 3 44 1
a contact +94464 +95336 44 3 1
a contact +94464 +95336 3 44 1
a contact +100538 +101443 44 3 1
a contact +100538 +101443 3 44 1
a contact +106589 +107467 44 3 1
a contact +106589 +107467 3 44 1
a contact +112621 +113403 44 3 1
a contact +112621 +113403 3 44 1
a contact +118625 +119273 44 3 1
a contact +118625 +119273 3 44 1
a contact +124579 +125129 44 3 1
a contact +124579 +125129 3 44 1
a contact +130460 +131042 44 3 1
a contact +130460 +131042 3 44 1
a contact +136311 +137022 44 3 1
a contact +136311 +137022 3 44 1
a contact +142204 +143041 44 3 1
a contact +142204 +143041 3 44 1
a contact +148177 +149081 44 3 1
a contact +148177 +149081 3 44 1
a contact +154238 +155141 44 3 1
a contact +154238 +155141 3 44 1
a contact +160376 +161227 44 3 1
a contact +160376 +161227 3 44 1
a contact +166555 +167353 44 3 1
a contact +166555 +167353 3 44 1
a contact +172720 +173522 44 3 1
a contact +172720 +173522 3 44 1
a contact +178842 +179697 44 3 1
a contact +178842 +179697 3 44 1
a contact +184925 +185826 44 3 1
a contact +184925 +185826 3 44 1
a contact +190982 +191875 44 3 1
a contact +190982 +191875 3 44 1
a contact +197020 +197836 44 3 1
a contact +197020 +197836 3 44 1
a contact +203034 +203722 44 3 1
a contact +203034 +203722 3 44 1
a contact +209006 +209574 44 3 1
a contact +209006 +209574 3 44 1
a contact +214907 +215465 44 3 1
a contact +214907 +215465 3 44 1
a contact +220759 +221429 44 3 1
a contact +220759 +221429 3 44 1
a contact +226634 +227439 44 3 1
a contact +226634 +227439 3 44 1
a contact +232581 +233473 44 3 1
a contact +232581 +233473 3 44 1
a contact +238617 +239527 44 3 1
a contact +238617 +239527 3 44 1
a contact +244735 +245604 44 3 1
a contact +244735 +245604 3 44 1
a contact +250908 +251718 44 3 1
a contact +250908 +251718 3 44 1
a contact +257082 +257875 44 3 1
a contact +257082 +257875 3 44 1
a contact +263217 +264054 44 3 1
a contact +263217 +264054 3 44 1
a contact +269310 +270201 44 3 1
a contact +269310 +270201 3 44 1
a contact +275373 +276276 44 3 1
a contact +275373 +276276 3 44 1
a contact +281417 +282262 44 3 1
a contact +281417 +282262 3 44 1
a contact +287439 +288167 44 3 1
a contact +287439 +288167 3 44 1
a contact +293426 +294022 44 3 1
a contact +293426 +294022 3 44 1
a contact +299350 +299895 44 3 1
a contact +299350 +299895 3 44 1
a contact +305209 +305839 44 3 1
a contact +305209 +305839 3 44 1
a contact +311071 +311839 44 3 1
a contact +311071 +311839 3 44 1
a contact +316994 +317867 44 3 1
a contact +316994 +317867 3 44 1
a contact +323003 +323915 44 3 1
a contact +323003 +323915 3 44 1
a contact +329099 +329984 44 3 1
a contact +329099 +329984 3 44 1
a contact +335260 +336086 44 3 1
a contact +335260 +336086 3 44 1
a contact +341440 +342231 44 3 1
a contact +341440 +342231 3 44 1
a contact +347588 +348408 44 3 1
a contact +347588 +348408 3 44 1
a contact +353692 +354570 44 3 1
a contact +353692 +354570 3 44 1
a contact +359763 +360669 44 3 1
a contact +359763 +360669 3 44 1
a contact +365812 +366681 44 3 1
a contact +365812 +366681 3 44 1
a contact +371841 +372608 44 3 1
a contact +371841 +372608 3 44 1
a contact +377841 +378472 44 3 1
a contact +377841 +378472 3 44 1
a contact +383786 +384332 44 3 1
a contact +383786 +384332 3 44 1
a contact +389659 +390254 44 3 1
a contact +389659 +390254 3 44 1
a contact +395513 +396241 44 3 1
a contact +395513 +396241 3 44 1
a contact +401414 +402262 44 3 1
a contact +401414 +402262 3 44 1
a contact +407397 +408305 44 3 1
a contact +407397 +408305 3 44 1
a contact +413469 +414367 44 3 1
a contact +413469 +414367 3 44 1
a contact +419614 +420458 44 3 1
a contact +419614 +420458 3 44 1
a contact +425795 +426590 44 3 1
a contact +425795 +426590 3 44 1
a contact +431955 +432761 44 3 1
a contact +431955 +432761 3 44 1
a contact +438072 +438934 44 3 1
a contact +438072 +438934 3 44 1
a contact +444151 +445054 44 3 1
a contact +444151 +445054 3 44 1
a contact +450206 +451093 44 3 1
a contact +450206 +451093 3 44 1
a contact +456241 +457044 44 3 1
a contact +456241 +457044 3 44 1
a contact +462251 +462922 44 3 1
a contact +462251 +462922 3 44 1
a contact +468216 +468775 44 3 1
a contact +468216 +468775 3 44 1
a contact +474108 +474675 44 3 1
a contact +474108 +474675 3 44 1
a contact +479959 +480646 44 3 1
a contact +479959 +480646 3 44 1
a contact +485841 +486660 44 3 1
a contact +485841 +486660 3 44 1
a contact +491799 +492696 44 3 1
a contact +491799 +492696 3 44 1
a contact +497845 +498752 44 3 1
a contact +497845 +498752 3 44 1
a contact +503972 +504834 44 3 1
a contact +503972 +504834 3 44 1
a contact +510148 +510952 44 3 1
a contact +510148 +510952 3 44 1
a contact +516319 +517115 44 3 1
a contact +516319 +517115 3 44 1
a contact +522448 +523293 44 3 1
a contact +522448 +523293 3 44 1
a contact +528537 +529432 44 3 1
a contact +528537 +529432 3 44 1
a contact +534598 +535497 44 3 1
a contact +534598 +535497 3 44 1
a contact +540638 +541473 44 3 1
a contact +540638 +541473 3 44 1
a contact +546657 +547369 44 3 1
a contact +546657 +547369 3 44 1
a contact +552639 +553222 44 3 1
a contact +552639 +553222 3 44 1
a contact +558553 +559102 44 3 1
a contact +558553 +559102 3 44 1
a contact +564408 +565055 44 3 1
a contact +564408 +565055 3 44 1
a contact +570275 +571059 44 3 1
a contact +570275 +571059 3 44 1
a contact +576208 +577090 44 3 1
a contact +576208 +577090 3 44 1
a contact +582228 +583140 44 3 1
a contact +582228 +583140 3 44 1
a contact +588334 +589213 44 3 1
a contact +588334 +589213 3 44 1
a contact +594500 +595319 44 3 1
a contact +594500 +595319 3 44 1
a contact +600678 +601469 44 3 1
a contact +600678 +601469 3 44 1
a contact +15355 +15915 44 5 1
a contact +15355 +15915 5 44 1
a contact +21158 +22053 44 5 1
a contact +21158 +22053 5 44 1
a contact +27263 +28081 44 5 1
a contact +27263 +28081 5 44 1
a contact +58796 +59567 44 5 1
a contact +58796 +59567 5 44 1
a contact +64813 +65703 44 5 1
a contact +64813 +65703 5 44 1
a contact +70934 +71546 44 5 1
a contact +70934 +71546 5 44 1
a contact +99942 +100196 44 5 1
a contact +99942 +100196 5 44 1
a contact +105586 +106435 44 5 1
a contact +105586 +106435 5 44 1
a contact +111608 +112488 44 5 1
a contact +111608 +112488 5 44 1
a contact +117967 +118413 44 5 1
a contact +117967 +118413 5 44 1
a contact +143222 +143868 44 5 1
a contact +143222 +143868 5 44 1
a contact +149205 +150099 44 5 1
a contact +149205 +150099 5 44 1
a contact +155287 +156035 44 5 1
a contact +155287 +156035 5 44 1
a contact +190040 +190806 44 5 1
a contact +190040 +190806 5 44 1
a contact +195979 +196887 44 5 1
a contact +195979 +196887 5 44 1
a contact +202214 +202870 44 5 1
a contact +202214 +202870 5 44 1
a contact +227679 +228115 44 5 1
a contact +227679 +228115 5 44 1
a contact +233604 +234471 44 5 1
a contact +233604 +234471 5 44 1
a contact +239658 +240490 44 5 1
a contact +239658 +240490 5 44 1
a contact +245919 +246110 44 5 1
a contact +245919 +246110 5 44 1
a contact +274526 +275162 44 5 1
a contact +274526 +275162 5 44 1
a contact +280374 +281279 44 5 1
a contact +280374 +281279 5 44 1
a contact +286514 +287295 44 5 1
a contact +286514 +287295 5 44 1
a contact +318011 +318817 44 5 1
a contact +318011 +318817 5 44 1
a contact +324039 +324919 44 5 1
a contact +324039 +324919 5 44 1
a contact +330182 +330716 44 5 1
a contact +330182 +330716 5 44 1
a contact +359066 +359482 44 5 1
a contact +359066 +359482 5 44 1
a contact +364792 +365664 44 5 1
a contact +364792 +365664 5 44 1
a contact +370848 +371706 44 5 1
a contact +370848 +371706 5 44 1
a contact +377283 +377584 44 5 1
a contact +377283 +377584 5 44 1
a contact +402429 +403134 44 5 1
a contact +402429 +403134 5 44 1
a contact +408428 +409324 44 5 1
a contact +408428 +409324 5 44 1
a contact +414524 +415223 44 5 1
a contact +414524 +415223 5 44 1
a contact +449234 +450040 44 5 1
a contact +449234 +450040 5 44 1
a contact +455209 +456108 44 5 1
a contact +455209 +456108 5 44 1
a contact +461488 +462072 44 5 1
a contact +461488 +462072 5 44 1
a contact +486870 +487408 44 5 1
a contact +486870 +487408 5 44 1
a contact +492824 +493705 44 5 1
a contact +492824 +493705 5 44 1
a contact +498889 +499691 44 5 1
a contact +498889 +499691 5 44 1
a contact +533706 +534403 44 5 1
a contact +533706 +534403 5 44 1
a contact +539594 +540503 44 5 1
a contact +539594 +540503 5 44 1
a contact +545770 +546507 44 5 1
a contact +545770 +546507 5 44 1
a contact +571390 +571578 44 5 1
a contact +571390 +571578 5 44 1
a contact +577227 +578063 44 5 1
a contact +577227 +578063 5 44 1
a contact +583266 +584130 44 5 1
a contact +583266 +584130 5 44 1
a contact +589439 +589873 44 5 1
a contact +589439 +589873 5 44 1
a contact +3431 +4256 45 3 1
a contact +3431 +4256 3 45 1
a contact +9531 +10414 45 3 1
a contact +9531 +10414 3 45 1
a contact +15600 +16505 45 3 1
a contact +15600 +16505 3 45 1
a contact +21648 +22511 45 3 1
a contact +21648 +22511 3 45 1
a contact +27675 +28431 45 3 1
a contact +27675 +28431 3 45 1
a contact +33672 +34293 45 3 1
a contact +33672 +34293 3 45 1
a contact +39611 +40155 45 3 1
a contact +39611 +40155 3 45 1
a contact +45480 +46084 45 3 1
a contact +45480 +46084 3 45 1
a contact +51335 +52074 45 3 1
a contact +51335 +52074 3 45 1
a contact +57242 +58098 45 3 1
a contact +57242 +58098 3 45 1
a contact +63232 +64141 45 3 1
a contact +63232 +64141 3 45 1
a contact +69311 +70206 45 3 1
a contact +69311 +70206 3 45 1
a contact +75461 +76299 45 3 1
a contact +75461 +76299 3 45 1
a contact +81642 +82435 45 3 1
a contact +81642 +82435 3 45 1
a contact +87799 +88609 45 3 1
a contact +87799 +88609 3 45 1
a contact +93912 +94779 45 3 1
a contact +93912 +94779 3 45 1
a contact +99989 +100893 45 3 1
a contact +99989 +100893 3 45 1
a contact +106042 +106924 45 3 1
a contact +106042 +106924 3 45 1
a contact +112075 +112869 45 3 1
a contact +112075 +112869 3 45 1
a contact +118083 +118743 45 3 1
a contact +118083 +118743 3 45 1
a contact +124043 +124597 45 3 1
a contact +124043 +124597 3 45 1
a contact +129929 +130503 45 3 1
a contact +129929 +130503 3 45 1
a contact +135780 +136479 45 3 1
a contact +135780 +136479 3 45 1
a contact +141667 +142494 45 3 1
a contact +141667 +142494 3 45 1
a contact +147632 +148533 45 3 1
a contact +147632 +148533 3 45 1
a contact +153685 +154591 45 3 1
a contact +153685 +154591 3 45 1
a contact +159817 +160674 45 3 1
a contact +159817 +160674 3 45 1
a contact +165995 +166796 45 3 1
a contact +165995 +166796 3 45 1
a contact +172163 +172962 45 3 1
a contact +172163 +172962 3 45 1
a contact +178289 +179139 45 3 1
a contact +178289 +179139 3 45 1
a contact +184375 +185273 45 3 1
a contact +184375 +185273 3 45 1
a contact +190434 +191330 45 3 1
a contact +190434 +191330 3 45 1
a contact +196473 +197299 45 3 1
a contact +196473 +197299 3 45 1
a contact +202490 +203191 45 3 1
a contact +202490 +203191 3 45 1
a contact +208467 +209043 45 3 1
a contact +208467 +209043 3 45 1
a contact +214375 +214928 45 3 1
a contact +214375 +214928 3 45 1
a contact +220229 +220886 45 3 1
a contact +220229 +220886 3 45 1
a contact +226099 +226893 45 3 1
a contact +226099 +226893 3 45 1
a contact +232039 +232925 45 3 1
a contact +232039 +232925 3 45 1
a contact +238066 +238977 45 3 1
a contact +238066 +238977 3 45 1
a contact +244178 +245052 45 3 1
a contact +244178 +245052 3 45 1
a contact +250347 +251162 45 3 1
a contact +250347 +251162 3 45 1
a contact +256524 +257316 45 3 1
a contact +256524 +257316 3 45 1
a contact +262663 +263495 45 3 1
a contact +262663 +263495 3 45 1
a contact +268759 +269647 45 3 1
a contact +268759 +269647 3 45 1
a contact +274825 +275729 45 3 1
a contact +274825 +275729 3 45 1
a contact +280870 +281723 45 3 1
a contact +280870 +281723 3 45 1
a contact +286894 +287635 45 3 1
a contact +286894 +287635 3 45 1
a contact +292886 +293492 45 3 1
a contact +292886 +293492 3 45 1
a contact +298816 +299360 45 3 1
a contact +298816 +299360 3 45 1
a contact +304679 +305298 45 3 1
a contact +304679 +305298 3 45 1
a contact +310538 +311294 45 3 1
a contact +310538 +311294 3 45 1
a contact +316454 +317320 45 3 1
a contact +316454 +317320 3 45 1
a contact +322455 +323366 45 3 1
a contact +322455 +323366 3 45 1
a contact +328543 +329433 45 3 1
a contact +328543 +329433 3 45 1
a contact +334700 +335531 45 3 1
a contact +334700 +335531 3 45 1
a contact +340881 +341672 45 3 1
a contact +340881 +341672 3 45 1
a contact +347033 +347849 45 3 1
a contact +347033 +347849 3 45 1
a contact +353141 +354014 45 3 1
a contact +353141 +354014 3 45 1
a contact +359214 +360119 45 3 1
a contact +359214 +360119 3 45 1
a contact +365265 +366140 45 3 1
a contact +365265 +366140 3 45 1
a contact +371296 +372074 45 3 1
a contact +371296 +372074 3 45 1
a contact +377299 +377942 45 3 1
a contact +377299 +377942 3 45 1
a contact +383251 +383799 45 3 1
a contact +383251 +383799 3 45 1
a contact +389129 +389715 45 3 1
a contact +389129 +389715 3 45 1
a contact +394981 +395697 45 3 1
a contact +394981 +395697 3 45 1
a contact +400876 +401716 45 3 1
a contact +400876 +401716 3 45 1
a contact +406851 +407756 45 3 1
a contact +406851 +407756 3 45 1
a contact +412915 +413817 45 3 1
a contact +412915 +413817 3 45 1
a contact +419055 +419904 45 3 1
a contact +419055 +419904 3 45 1
a contact +425235 +426032 45 3 1
a contact +425235 +426032 3 45 1
a contact +431399 +432201 45 3 1
a contact +431399 +432201 3 45 1
a contact +437519 +438376 45 3 1
a contact +437519 +438376 3 45 1
a contact +443601 +444503 45 3 1
a contact +443601 +444503 3 45 1
a contact +449658 +450549 45 3 1
a contact +449658 +450549 3 45 1
a contact +455695 +456508 45 3 1
a contact +455695 +456508 3 45 1
a contact +461708 +462391 45 3 1
a contact +461708 +462391 3 45 1
a contact +467678 +468244 45 3 1
a contact +467678 +468244 3 45 1
a contact +473577 +474137 45 3 1
a contact +473577 +474137 3 45 1
a contact +479429 +480103 45 3 1
a contact +479429 +480103 3 45 1
a contact +485306 +486114 45 3 1
a contact +485306 +486114 3 45 1
a contact +491255 +492149 45 3 1
a contact +491255 +492149 3 45 1
a contact +497293 +498203 45 3 1
a contact +497293 +498203 3 45 1
a contact +503414 +504281 45 3 1
a contact +503414 +504281 3 45 1
a contact +509587 +510396 45 3 1
a contact +509587 +510396 3 45 1
a contact +515761 +516555 45 3 1
a contact +515761 +516555 3 45 1
a contact +521895 +522734 45 3 1
a contact +521895 +522734 3 45 1
a contact +527986 +528879 45 3 1
a contact +527986 +528879 3 45 1
a contact +534049 +534951 45 3 1
a contact +534049 +534951 3 45 1
a contact +540092 +540935 45 3 1
a contact +540092 +540935 3 45 1
a contact +546113 +546837 45 3 1
a contact +546113 +546837 3 45 1
a contact +552099 +552692 45 3 1
a contact +552099 +552692 3 45 1
a contact +558020 +558567 45 3 1
a contact +558020 +558567 3 45 1
a contact +563879 +564513 45 3 1
a contact +563879 +564513 3 45 1
a contact +569741 +570513 45 3 1
a contact +569741 +570513 3 45 1
a contact +575667 +576542 45 3 1
a contact +575667 +576542 3 45 1
a contact +581679 +582591 45 3 1
a contact +581679 +582591 3 45 1
a contact +587777 +588661 45 3 1
a contact +587777 +588661 3 45 1
a contact +593940 +594764 45 3 1
a contact +593940 +594764 3 45 1
a contact +600119 +600910 45 3 1
a contact +600119 +600910 3 45 1
a contact +14853 +15345 45 5 1
a contact +14853 +15345 5 45 1
a contact +20619 +21503 45 5 1
a contact +20619 +21503 5 45 1
a contact +26697 +27539 45 5 1
a contact +26697 +27539 5 45 1
a contact +33228 +33341 45 5 1
a contact +33228 +33341 5 45 1
a contact +58257 +58995 45 5 1
a contact +58257 +58995 5 45 1
a contact +64264 +65159 45 5 1
a contact +64264 +65159 5 45 1
a contact +70371 +71032 45 5 1
a contact +70371 +71032 5 45 1
a contact +105054 +105882 45 5 1
a contact +105054 +105882 5 45 1
a contact +111051 +111943 45 5 1
a contact +111051 +111943 5 45 1
a contact +117365 +117891 45 5 1
a contact +117365 +117891 5 45 1
a contact +142689 +143282 45 5 1
a contact +142689 +143282 5 45 1
a contact +148658 +149547 45 5 1
a contact +148658 +149547 5 45 1
a contact +154732 +155510 45 5 1
a contact +154732 +155510 5 45 1
a contact +189517 +190249 45 5 1
a contact +189517 +190249 5 45 1
a contact +195430 +196340 45 5 1
a contact +195430 +196340 5 45 1
a contact +201633 +202334 45 5 1
a contact +201633 +202334 5 45 1
a contact +227169 +227501 45 5 1
a contact +227169 +227501 5 45 1
a contact +233059 +233912 45 5 1
a contact +233059 +233912 5 45 1
a contact +239106 +239956 45 5 1
a contact +239106 +239956 5 45 1
a contact +245309 +245652 45 5 1
a contact +245309 +245652 5 45 1
a contact +274016 +274598 45 5 1
a contact +274016 +274598 5 45 1
a contact +279832 +280729 45 5 1
a contact +279832 +280729 5 45 1
a contact +285945 +286754 45 5 1
a contact +285945 +286754 5 45 1
a contact +317469 +318250 45 5 1
a contact +317469 +318250 5 45 1
a contact +323489 +324377 45 5 1
a contact +323489 +324377 5 45 1
a contact +329615 +330209 45 5 1
a contact +329615 +330209 5 45 1
a contact +358588 +358892 45 5 1
a contact +358588 +358892 5 45 1
a contact +364257 +365112 45 5 1
a contact +364257 +365112 5 45 1
a contact +370288 +371162 45 5 1
a contact +370288 +371162 5 45 1
a contact +376662 +377078 45 5 1
a contact +376662 +377078 5 45 1
a contact +401893 +402555 45 5 1
a contact +401893 +402555 5 45 1
a contact +407880 +408775 45 5 1
a contact +407880 +408775 5 45 1
a contact +413966 +414702 45 5 1
a contact +413966 +414702 5 45 1
a contact +448707 +449485 45 5 1
a contact +448707 +449485 5 45 1
a contact +454656 +455562 45 5 1
a contact +454656 +455562 5 45 1
a contact +460901 +461541 45 5 1
a contact +460901 +461541 5 45 1
a contact +486345 +486810 45 5 1
a contact +486345 +486810 5 45 1
a contact +492278 +493150 45 5 1
a contact +492278 +493150 5 45 1
a contact +498336 +499161 45 5 1
a contact +498336 +499161 5 45 1
a contact +504640 +504731 45 5 1
a contact +504640 +504731 5 45 1
a contact +533190 +533843 45 5 1
a contact +533190 +533843 5 45 1
a contact +539048 +539955 45 5 1
a contact +539048 +539955 5 45 1
a contact +545197 +545968 45 5 1
a contact +545197 +545968 5 45 1
a contact +576684 +577499 45 5 1
a contact +576684 +577499 5 45 1
a contact +582716 +583592 45 5 1
a contact +582716 +583592 5 45 1
a contact +588865 +589376 45 5 1
a contact +588865 +589376 5 45 1
a contact +2875 +3695 46 3 1
a contact +2875 +3695 3 46 1
a contact +8979 +9857 46 3 1
a contact +8979 +9857 3 46 1
a contact +15050 +15956 46 3 1
a contact +15050 +15956 3 46 1
a contact +21099 +21969 46 3 1
a contact +21099 +21969 3 46 1
a contact +27129 +27897 46 3 1
a contact +27129 +27897 3 46 1
a contact +33129 +33762 46 3 1
a contact +33129 +33762 3 46 1
a contact +39075 +39621 46 3 1
a contact +39075 +39621 3 46 1
a contact +44949 +45543 46 3 1
a contact +44949 +45543 3 46 1
a contact +50802 +51529 46 3 1
a contact +50802 +51529 3 46 1
a contact +56703 +57550 46 3 1
a contact +56703 +57550 3 46 1
a contact +62685 +63592 46 3 1
a contact +62685 +63592 3 46 1
a contact +68756 +69654 46 3 1
a contact +68756 +69654 3 46 1
a contact +74901 +75745 46 3 1
a contact +74901 +75745 3 46 1
a contact +81081 +81876 46 3 1
a contact +81081 +81876 3 46 1
a contact +87242 +88048 46 3 1
a contact +87242 +88048 3 46 1
a contact +93359 +94220 46 3 1
a contact +93359 +94220 3 46 1
a contact +99438 +100341 46 3 1
a contact +99438 +100341 3 46 1
a contact +105493 +106381 46 3 1
a contact +105493 +106381 3 46 1
a contact +111528 +112332 46 3 1
a contact +111528 +112332 3 46 1
a contact +117539 +118211 46 3 1
a contact +117539 +118211 3 46 1
a contact +123505 +124064 46 3 1
a contact +123505 +124064 3 46 1
a contact +129398 +129964 46 3 1
a contact +129398 +129964 3 46 1
a contact +135248 +135934 46 3 1
a contact +135248 +135934 3 46 1
a contact +141130 +141947 46 3 1
a contact +141130 +141947 3 46 1
a contact +147087 +147984 46 3 1
a contact +147087 +147984 3 46 1
a contact +153132 +154040 46 3 1
a contact +153132 +154040 3 46 1
a contact +159258 +160121 46 3 1
a contact +159258 +160121 3 46 1
a contact +165434 +166239 46 3 1
a contact +165434 +166239 3 46 1
a contact +171605 +172401 46 3 1
a contact +171605 +172401 3 46 1
a contact +177735 +178579 46 3 1
a contact +177735 +178579 3 46 1
a contact +183824 +184719 46 3 1
a contact +183824 +184719 3 46 1
a contact +189885 +190784 46 3 1
a contact +189885 +190784 3 46 1
a contact +195926 +196761 46 3 1
a contact +195926 +196761 3 46 1
a contact +201945 +202658 46 3 1
a contact +201945 +202658 3 46 1
a contact +207927 +208512 46 3 1
a contact +207927 +208512 3 46 1
a contact +213842 +214391 46 3 1
a contact +213842 +214391 3 46 1
a contact +219698 +220343 46 3 1
a contact +219698 +220343 3 46 1
a contact +225564 +226346 46 3 1
a contact +225564 +226346 3 46 1
a contact +231496 +232377 46 3 1
a contact +231496 +232377 3 46 1
a contact +237516 +238427 46 3 1
a contact +237516 +238427 3 46 1
a contact +243620 +244500 46 3 1
a contact +243620 +244500 3 46 1
a contact +249786 +250605 46 3 1
a contact +249786 +250605 3 46 1
a contact +255964 +256756 46 3 1
a contact +255964 +256756 3 46 1
a contact +262108 +262934 46 3 1
a contact +262108 +262934 3 46 1
a contact +268207 +269091 46 3 1
a contact +268207 +269091 3 46 1
a contact +274275 +275180 46 3 1
a contact +274275 +275180 3 46 1
a contact +280322 +281183 46 3 1
a contact +280322 +281183 3 46 1
a contact +286348 +287101 46 3 1
a contact +286348 +287101 3 46 1
a contact +292344 +292961 46 3 1
a contact +292344 +292961 3 46 1
a contact +298281 +298825 46 3 1
a contact +298281 +298825 3 46 1
a contact +304148 +304756 46 3 1
a contact +304148 +304756 3 46 1
a contact +310004 +310748 46 3 1
a contact +310004 +310748 3 46 1
a contact +315914 +316772 46 3 1
a contact +315914 +316772 3 46 1
a contact +321907 +322816 46 3 1
a contact +321907 +322816 3 46 1
a contact +327988 +328882 46 3 1
a contact +327988 +328882 3 46 1
a contact +334140 +334976 46 3 1
a contact +334140 +334976 3 46 1
a contact +340320 +341113 46 3 1
a contact +340320 +341113 3 46 1
a contact +346477 +347288 46 3 1
a contact +346477 +347288 3 46 1
a contact +352588 +353456 46 3 1
a contact +352588 +353456 3 46 1
a contact +358664 +359569 46 3 1
a contact +358664 +359569 3 46 1
a contact +364716 +365597 46 3 1
a contact +364716 +365597 3 46 1
a contact +370749 +371539 46 3 1
a contact +370749 +371539 3 46 1
a contact +376756 +377411 46 3 1
a contact +376756 +377411 3 46 1
a contact +382714 +383266 46 3 1
a contact +382714 +383266 3 46 1
a contact +388598 +389174 46 3 1
a contact +388598 +389174 3 46 1
a contact +394449 +395152 46 3 1
a contact +394449 +395152 3 46 1
a contact +400338 +401169 46 3 1
a contact +400338 +401169 3 46 1
a contact +406305 +407207 46 3 1
a contact +406305 +407207 3 46 1
a contact +412361 +413266 46 3 1
a contact +412361 +413266 3 46 1
a contact +418496 +419351 46 3 1
a contact +418496 +419351 3 46 1
a contact +424674 +425474 46 3 1
a contact +424674 +425474 3 46 1
a contact +430841 +431640 46 3 1
a contact +430841 +431640 3 46 1
a contact +436966 +437817 46 3 1
a contact +436966 +437817 3 46 1
a contact +443050 +443950 46 3 1
a contact +443050 +443950 3 46 1
a contact +449109 +450004 46 3 1
a contact +449109 +450004 3 46 1
a contact +455148 +455971 46 3 1
a contact +455148 +455971 3 46 1
a contact +461163 +461860 46 3 1
a contact +461163 +461860 3 46 1
a contact +467139 +467712 46 3 1
a contact +467139 +467712 3 46 1
a contact +473045 +473599 46 3 1
a contact +473045 +473599 3 46 1
a contact +478897 +479559 46 3 1
a contact +478897 +479559 3 46 1
a contact +484770 +485567 46 3 1
a contact +484770 +485567 3 46 1
a contact +490712 +491600 46 3 1
a contact +490712 +491600 3 46 1
a contact +496742 +497652 46 3 1
a contact +496742 +497652 3 46 1
a contact +502856 +503728 46 3 1
a contact +502856 +503728 3 46 1
a contact +509026 +509839 46 3 1
a contact +509026 +509839 3 46 1
a contact +515202 +515994 46 3 1
a contact +515202 +515994 3 46 1
a contact +521340 +522173 46 3 1
a contact +521340 +522173 3 46 1
a contact +527435 +528324 46 3 1
a contact +527435 +528324 3 46 1
a contact +533500 +534403 46 3 1
a contact +533500 +534403 3 46 1
a contact +539544 +540395 46 3 1
a contact +539544 +540395 3 46 1
a contact +545568 +546304 46 3 1
a contact +545568 +546304 3 46 1
a contact +551558 +552161 46 3 1
a contact +551558 +552161 3 46 1
a contact +557486 +558031 46 3 1
a contact +557486 +558031 3 46 1
a contact +563348 +563970 46 3 1
a contact +563348 +563970 3 46 1
a contact +569207 +569967 46 3 1
a contact +569207 +569967 3 46 1
a contact +575126 +575994 46 3 1
a contact +575126 +575994 3 46 1
a contact +581130 +582041 46 3 1
a contact +581130 +582041 3 46 1
a contact +587221 +588109 46 3 1
a contact +587221 +588109 3 46 1
a contact +593379 +594208 46 3 1
a contact +593379 +594208 3 46 1
a contact +599559 +600351 46 3 1
a contact +599559 +600351 3 46 1
a contact +14360 +14766 46 5 1
a contact +14360 +14766 5 46 1
a contact +20080 +20951 46 5 1
a contact +20080 +20951 5 46 1
a contact +26134 +26994 46 5 1
a contact +26134 +26994 5 46 1
a contact +32562 +32876 46 5 1
a contact +32562 +32876 5 46 1
a contact +57718 +58418 46 5 1
a contact +57718 +58418 5 46 1
a contact +63715 +64611 46 5 1
a contact +63715 +64611 5 46 1
a contact +69811 +70514 46 5 1
a contact +69811 +70514 5 46 1
a contact +104524 +105327 46 5 1
a contact +104524 +105327 5 46 1
a contact +110496 +111396 46 5 1
a contact +110496 +111396 5 46 1
a contact +116772 +117362 46 5 1
a contact +116772 +117362 5 46 1
a contact +142159 +142690 46 5 1
a contact +142159 +142690 5 46 1
a contact +148111 +148992 46 5 1
a contact +148111 +148992 5 46 1
a contact +154176 +154981 46 5 1
a contact +154176 +154981 5 46 1
a contact +188997 +189690 46 5 1
a contact +188997 +189690 5 46 1
a contact +194882 +195791 46 5 1
a contact +194882 +195791 5 46 1
a contact +201055 +201796 46 5 1
a contact +201055 +201796 5 46 1
a contact +226689 +226851 46 5 1
a contact +226689 +226851 5 46 1
a contact +232515 +233349 46 5 1
a contact +232515 +233349 5 46 1
a contact +238554 +239419 46 5 1
a contact +238554 +239419 5 46 1
a contact +244724 +245166 46 5 1
a contact +244724 +245166 5 46 1
a contact +273512 +274028 46 5 1
a contact +273512 +274028 5 46 1
a contact +279290 +280178 46 5 1
a contact +279290 +280178 5 46 1
a contact +285378 +286212 46 5 1
a contact +285378 +286212 5 46 1
a contact +316928 +317678 46 5 1
a contact +316928 +317678 5 46 1
a contact +322939 +323833 46 5 1
a contact +322939 +323833 5 46 1
a contact +329051 +329696 46 5 1
a contact +329051 +329696 5 46 1
a contact +358162 +358250 46 5 1
a contact +358162 +358250 5 46 1
a contact +363723 +364558 46 5 1
a contact +363723 +364558 5 46 1
a contact +369729 +370617 46 5 1
a contact +369729 +370617 5 46 1
a contact +376057 +376558 46 5 1
a contact +376057 +376558 5 46 1
a contact +401358 +401970 46 5 1
a contact +401358 +401970 5 46 1
a contact +407333 +408223 46 5 1
a contact +407333 +408223 5 46 1
a contact +413409 +414177 46 5 1
a contact +413409 +414177 5 46 1
a contact +448183 +448927 46 5 1
a contact +448183 +448927 5 46 1
a contact +454105 +455014 46 5 1
a contact +454105 +455014 5 46 1
a contact +460318 +461005 46 5 1
a contact +460318 +461005 5 46 1
a contact +485829 +486200 46 5 1
a contact +485829 +486200 5 46 1
a contact +491733 +492590 46 5 1
a contact +491733 +492590 5 46 1
a contact +497782 +498626 46 5 1
a contact +497782 +498626 5 46 1
a contact +504000 +504302 46 5 1
a contact +504000 +504302 5 46 1
a contact +532678 +533278 46 5 1
a contact +532678 +533278 5 46 1
a contact +538504 +539405 46 5 1
a contact +538504 +539405 5 46 1
a contact +544626 +545427 46 5 1
a contact +544626 +545427 5 46 1
a contact +576142 +576931 46 5 1
a contact +576142 +576931 5 46 1
a contact +582165 +583050 46 5 1
a contact +582165 +583050 5 46 1
a contact +588295 +588871 46 5 1
a contact +588295 +588871 5 46 1
a contact +2318 +3133 47 3 1
a contact +2318 +3133 3 47 1
a contact +8426 +9299 47 3 1
a contact +8426 +9299 3 47 1
a contact +14499 +15405 47 3 1
a contact +14499 +15405 3 47 1
a contact +20550 +21426 47 3 1
a contact +20550 +21426 3 47 1
a contact +26581 +27361 47 3 1
a contact +26581 +27361 3 47 1
a contact +32585 +33230 47 3 1
a contact +32585 +33230 3 47 1
a contact +38537 +39086 47 3 1
a contact +38537 +39086 3 47 1
a contact +44417 +45001 47 3 1
a contact +44417 +45001 3 47 1
a contact +50268 +50983 47 3 1
a contact +50268 +50983 3 47 1
a contact +56163 +57001 47 3 1
a contact +56163 +57001 3 47 1
a contact +62137 +63042 47 3 1
a contact +62137 +63042 3 47 1
a contact +68200 +69102 47 3 1
a contact +68200 +69102 3 47 1
a contact +74340 +75189 47 3 1
a contact +74340 +75189 3 47 1
a contact +80519 +81317 47 3 1
a contact +80519 +81317 3 47 1
a contact +86683 +87485 47 3 1
a contact +86683 +87485 3 47 1
a contact +92804 +93660 47 3 1
a contact +92804 +93660 3 47 1
a contact +98886 +99788 47 3 1
a contact +98886 +99788 3 47 1
a contact +104943 +105835 47 3 1
a contact +104943 +105835 3 47 1
a contact +110980 +111794 47 3 1
a contact +110980 +111794 3 47 1
a contact +116994 +117679 47 3 1
a contact +116994 +117679 3 47 1
a contact +122965 +123531 47 3 1
a contact +122965 +123531 3 47 1
a contact +128864 +129424 47 3 1
a contact +128864 +129424 3 47 1
a contact +134716 +135389 47 3 1
a contact +134716 +135389 3 47 1
a contact +140592 +141399 47 3 1
a contact +140592 +141399 3 47 1
a contact +146541 +147434 47 3 1
a contact +146541 +147434 3 47 1
a contact +152579 +153488 47 3 1
a contact +152579 +153488 3 47 1
a contact +158698 +159566 47 3 1
a contact +158698 +159566 3 47 1
a contact +164871 +165680 47 3 1
a contact +164871 +165680 3 47 1
a contact +171045 +171839 47 3 1
a contact +171045 +171839 3 47 1
a contact +177179 +178018 47 3 1
a contact +177179 +178018 3 47 1
a contact +183271 +184164 47 3 1
a contact +183271 +184164 3 47 1
a contact +189335 +190236 47 3 1
a contact +189335 +190236 3 47 1
a contact +195377 +196221 47 3 1
a contact +195377 +196221 3 47 1
a contact +201399 +202125 47 3 1
a contact +201399 +202125 3 47 1
a contact +207386 +207979 47 3 1
a contact +207386 +207979 3 47 1
a contact +213307 +213853 47 3 1
a contact +213307 +213853 3 47 1
a contact +219166 +219799 47 3 1
a contact +219166 +219799 3 47 1
a contact +225028 +225799 47 3 1
a contact +225028 +225799 3 47 1
a contact +230953 +231828 47 3 1
a contact +230953 +231828 3 47 1
a contact +236964 +237876 47 3 1
a contact +236964 +237876 3 47 1
a contact +243062 +243946 47 3 1
a contact +243062 +243946 3 47 1
a contact +249224 +250048 47 3 1
a contact +249224 +250048 3 47 1
a contact +255403 +256194 47 3 1
a contact +255403 +256194 3 47 1
a contact +261551 +262372 47 3 1
a contact +261551 +262372 3 47 1
a contact +267654 +268533 47 3 1
a contact +267654 +268533 3 47 1
a contact +273724 +274630 47 3 1
a contact +273724 +274630 3 47 1
a contact +279773 +280641 47 3 1
a contact +279773 +280641 3 47 1
a contact +285801 +286566 47 3 1
a contact +285801 +286566 3 47 1
a contact +291801 +292429 47 3 1
a contact +291801 +292429 3 47 1
a contact +297744 +298290 47 3 1
a contact +297744 +298290 3 47 1
a contact +303616 +304214 47 3 1
a contact +303616 +304214 3 47 1
a contact +309470 +310201 47 3 1
a contact +309470 +310201 3 47 1
a contact +315373 +316223 47 3 1
a contact +315373 +316223 3 47 1
a contact +321358 +322266 47 3 1
a contact +321358 +322266 3 47 1
a contact +327431 +328329 47 3 1
a contact +327431 +328329 3 47 1
a contact +333578 +334420 47 3 1
a contact +333578 +334420 3 47 1
a contact +339758 +340553 47 3 1
a contact +339758 +340553 3 47 1
a contact +345918 +346725 47 3 1
a contact +345918 +346725 3 47 1
a contact +352034 +352897 47 3 1
a contact +352034 +352897 3 47 1
a contact +358112 +359016 47 3 1
a contact +358112 +359016 3 47 1
a contact +364167 +365053 47 3 1
a contact +364167 +365053 3 47 1
a contact +370201 +371002 47 3 1
a contact +370201 +371002 3 47 1
a contact +376211 +376879 47 3 1
a contact +376211 +376879 3 47 1
a contact +382175 +382732 47 3 1
a contact +382175 +382732 3 47 1
a contact +388065 +388634 47 3 1
a contact +388065 +388634 3 47 1
a contact +393916 +394606 47 3 1
a contact +393916 +394606 3 47 1
a contact +399800 +400620 47 3 1
a contact +399800 +400620 3 47 1
a contact +405759 +406657 47 3 1
a contact +405759 +406657 3 47 1
a contact +411807 +412714 47 3 1
a contact +411807 +412714 3 47 1
a contact +417935 +418796 47 3 1
a contact +417935 +418796 3 47 1
a contact +424111 +424915 47 3 1
a contact +424111 +424915 3 47 1
a contact +430282 +431078 47 3 1
a contact +430282 +431078 3 47 1
a contact +436410 +437256 47 3 1
a contact +436410 +437256 3 47 1
a contact +442498 +443395 47 3 1
a contact +442498 +443395 3 47 1
a contact +448559 +449457 47 3 1
a contact +448559 +449457 3 47 1
a contact +454599 +455431 47 3 1
a contact +454599 +455431 3 47 1
a contact +460618 +461326 47 3 1
a contact +460618 +461326 3 47 1
a contact +466598 +467179 47 3 1
a contact +466598 +467179 3 47 1
a contact +472511 +473061 47 3 1
a contact +472511 +473061 3 47 1
a contact +478365 +479015 47 3 1
a contact +478365 +479015 3 47 1
a contact +484233 +485019 47 3 1
a contact +484233 +485019 3 47 1
a contact +490168 +491050 47 3 1
a contact +490168 +491050 3 47 1
a contact +496190 +497101 47 3 1
a contact +496190 +497101 3 47 1
a contact +502297 +503174 47 3 1
a contact +502297 +503174 3 47 1
a contact +508464 +509281 47 3 1
a contact +508464 +509281 3 47 1
a contact +514641 +515433 47 3 1
a contact +514641 +515433 3 47 1
a contact +520783 +521612 47 3 1
a contact +520783 +521612 3 47 1
a contact +526882 +527767 47 3 1
a contact +526882 +527767 3 47 1
a contact +532949 +533854 47 3 1
a contact +532949 +533854 3 47 1
a contact +538995 +539854 47 3 1
a contact +538995 +539854 3 47 1
a contact +545021 +545770 47 3 1
a contact +545021 +545770 3 47 1
a contact +551015 +551629 47 3 1
a contact +551015 +551629 3 47 1
a contact +556950 +557494 47 3 1
a contact +556950 +557494 3 47 1
a contact +562816 +563427 47 3 1
a contact +562816 +563427 3 47 1
a contact +568672 +569420 47 3 1
a contact +568672 +569420 3 47 1
a contact +574584 +575445 47 3 1
a contact +574584 +575445 3 47 1
a contact +580580 +581490 47 3 1
a contact +580580 +581490 3 47 1
a contact +586663 +587556 47 3 1
a contact +586663 +587556 3 47 1
a contact +592817 +593652 47 3 1
a contact +592817 +593652 3 47 1
a contact +598998 +599790 47 3 1
a contact +598998 +599790 3 47 1
a contact +13882 +14172 47 5 1
a contact +13882 +14172 5 47 1
a contact +19544 +20397 47 5 1
a contact +19544 +20397 5 47 1
a contact +25572 +26448 47 5 1
a contact +25572 +26448 5 47 1
a contact +31941 +32367 47 5 1
a contact +31941 +32367 5 47 1
a contact +57180 +57836 47 5 1
a contact +57180 +57836 5 47 1
a contact +63166 +64060 47 5 1
a contact +63166 +64060 5 47 1
a contact +69251 +69990 47 5 1
a contact +69251 +69990 5 47 1
a contact +103995 +104769 47 5 1
a contact +103995 +104769 5 47 1
a contact +109941 +110848 47 5 1
a contact +109941 +110848 5 47 1
a contact +116183 +116828 47 5 1
a contact +116183 +116828 5 47 1
a contact +141634 +142089 47 5 1
a contact +141634 +142089 5 47 1
a contact +147564 +148434 47 5 1
a contact +147564 +148434 5 47 1
a contact +153620 +154448 47 5 1
a contact +153620 +154448 5 47 1
a contact +159907 +160038 47 5 1
a contact +159907 +160038 5 47 1
a contact +188479 +189126 47 5 1
a contact +188479 +189126 5 47 1
a contact +194334 +195240 47 5 1
a contact +194334 +195240 5 47 1
a contact +200480 +201255 47 5 1
a contact +200480 +201255 5 47 1
a contact +231970 +232782 47 5 1
a contact +231970 +232782 5 47 1
a contact +238001 +238878 47 5 1
a contact +238001 +238878 5 47 1
a contact +244148 +244667 47 5 1
a contact +244148 +244667 5 47 1
a contact +273014 +273451 47 5 1
a contact +273014 +273451 5 47 1
a contact +278750 +279625 47 5 1
a contact +278750 +279625 5 47 1
a contact +284812 +285666 47 5 1
a contact +284812 +285666 5 47 1
a contact +291265 +291531 47 5 1
a contact +291265 +291531 5 47 1
a contact +316388 +317101 47 5 1
a contact +316388 +317101 5 47 1
a contact +322389 +323285 47 5 1
a contact +322389 +323285 5 47 1
a contact +328488 +329178 47 5 1
a contact +328488 +329178 5 47 1
a contact +363191 +364002 47 5 1
a contact +363191 +364002 5 47 1
a contact +369171 +370069 47 5 1
a contact +369171 +370069 5 47 1
a contact +375459 +376029 47 5 1
a contact +375459 +376029 5 47 1
a contact +400826 +401379 47 5 1
a contact +400826 +401379 5 47 1
a contact +406784 +407668 47 5 1
a contact +406784 +407668 5 47 1
a contact +412852 +413648 47 5 1
a contact +412852 +413648 5 47 1
a contact +447660 +448367 47 5 1
a contact +447660 +448367 5 47 1
a contact +453555 +454464 47 5 1
a contact +453555 +454464 5 47 1
a contact +459738 +460466 47 5 1
a contact +459738 +460466 5 47 1
a contact +485332 +485566 47 5 1
a contact +485332 +485566 5 47 1
a contact +491187 +492027 47 5 1
a contact +491187 +492027 5 47 1
a contact +497228 +498089 47 5 1
a contact +497228 +498089 5 47 1
a contact +503408 +503821 47 5 1
a contact +503408 +503821 5 47 1
a contact +532170 +532709 47 5 1
a contact +532170 +532709 5 47 1
a contact +537961 +538853 47 5 1
a contact +537961 +538853 5 47 1
a contact +544057 +544883 47 5 1
a contact +544057 +544883 5 47 1
a contact +575599 +576359 47 5 1
a contact +575599 +576359 5 47 1
a contact +581613 +582505 47 5 1
a contact +581613 +582505 5 47 1
a contact +587729 +588359 47 5 1
a contact +587729 +588359 5 47 1
a contact +1759 +2569 48 3 1
a contact +1759 +2569 3 48 1
a contact +7870 +8738 48 3 1
a contact +7870 +8738 3 48 1
a contact +13947 +14851 48 3 1
a contact +13947 +14851 3 48 1
a contact +19999 +20881 48 3 1
a contact +19999 +20881 3 48 1
a contact +26032 +26823 48 3 1
a contact +26032 +26823 3 48 1
a contact +32040 +32696 48 3 1
a contact +32040 +32696 3 48 1
a contact +37998 +38551 48 3 1
a contact +37998 +38551 3 48 1
a contact +43883 +44459 48 3 1
a contact +43883 +44459 3 48 1
a contact +49734 +50435 48 3 1
a contact +49734 +50435 3 48 1
a contact +55622 +56452 48 3 1
a contact +55622 +56452 3 48 1
a contact +61589 +62490 48 3 1
a contact +61589 +62490 3 48 1
a contact +67644 +68549 48 3 1
a contact +67644 +68549 3 48 1
a contact +73778 +74633 48 3 1
a contact +73778 +74633 3 48 1
a contact +79955 +80756 48 3 1
a contact +79955 +80756 3 48 1
a contact +86123 +86922 48 3 1
a contact +86123 +86922 3 48 1
a contact +92248 +93099 48 3 1
a contact +92248 +93099 3 48 1
a contact +98333 +99232 48 3 1
a contact +98333 +99232 3 48 1
a contact +104392 +105288 48 3 1
a contact +104392 +105288 3 48 1
a contact +110431 +111255 48 3 1
a contact +110431 +111255 3 48 1
a contact +116447 +117145 48 3 1
a contact +116447 +117145 3 48 1
a contact +122423 +122997 48 3 1
a contact +122423 +122997 3 48 1
a contact +128330 +128883 48 3 1
a contact +128330 +128883 3 48 1
a contact +134182 +134843 48 3 1
a contact +134182 +134843 3 48 1
a contact +140054 +140850 48 3 1
a contact +140054 +140850 3 48 1
a contact +145996 +146883 48 3 1
a contact +145996 +146883 3 48 1
a contact +152025 +152935 48 3 1
a contact +152025 +152935 3 48 1
a contact +158138 +159011 48 3 1
a contact +158138 +159011 3 48 1
a contact +164308 +165121 48 3 1
a contact +164308 +165121 3 48 1
a contact +170484 +171276 48 3 1
a contact +170484 +171276 3 48 1
a contact +176622 +177455 48 3 1
a contact +176622 +177455 3 48 1
a contact +182717 +183606 48 3 1
a contact +182717 +183606 3 48 1
a contact +188783 +189686 48 3 1
a contact +188783 +189686 3 48 1
a contact +194827 +195679 48 3 1
a contact +194827 +195679 3 48 1
a contact +200851 +201589 48 3 1
a contact +200851 +201589 3 48 1
a contact +206842 +207446 48 3 1
a contact +206842 +207446 3 48 1
a contact +212771 +213315 48 3 1
a contact +212771 +213315 3 48 1
a contact +218633 +219254 48 3 1
a contact +218633 +219254 3 48 1
a contact +224492 +225251 48 3 1
a contact +224492 +225251 3 48 1
a contact +230410 +231277 48 3 1
a contact +230410 +231277 3 48 1
a contact +236413 +237324 48 3 1
a contact +236413 +237324 3 48 1
a contact +242503 +243392 48 3 1
a contact +242503 +243392 3 48 1
a contact +248661 +249490 48 3 1
a contact +248661 +249490 3 48 1
a contact +254841 +255632 48 3 1
a contact +254841 +255632 3 48 1
a contact +260992 +261809 48 3 1
a contact +260992 +261809 3 48 1
a contact +267099 +267974 48 3 1
a contact +267099 +267974 3 48 1
a contact +273172 +274078 48 3 1
a contact +273172 +274078 3 48 1
a contact +279222 +280096 48 3 1
a contact +279222 +280096 3 48 1
a contact +285253 +286029 48 3 1
a contact +285253 +286029 3 48 1
a contact +291256 +291896 48 3 1
a contact +291256 +291896 3 48 1
a contact +297206 +297754 48 3 1
a contact +297206 +297754 3 48 1
a contact +303083 +303670 48 3 1
a contact +303083 +303670 3 48 1
a contact +308935 +309654 48 3 1
a contact +308935 +309654 3 48 1
a contact +314832 +315673 48 3 1
a contact +314832 +315673 3 48 1
a contact +320809 +321714 48 3 1
a contact +320809 +321714 3 48 1
a contact +326874 +327775 48 3 1
a contact +326874 +327775 3 48 1
a contact +333016 +333863 48 3 1
a contact +333016 +333863 3 48 1
a contact +339195 +339992 48 3 1
a contact +339195 +339992 3 48 1
a contact +345359 +346162 48 3 1
a contact +345359 +346162 3 48 1
a contact +351478 +352336 48 3 1
a contact +351478 +352336 3 48 1
a contact +357559 +358461 48 3 1
a contact +357559 +358461 3 48 1
a contact +363616 +364506 48 3 1
a contact +363616 +364506 3 48 1
a contact +369652 +370463 48 3 1
a contact +369652 +370463 3 48 1
a contact +375665 +376345 48 3 1
a contact +375665 +376345 3 48 1
a contact +381634 +382198 48 3 1
a contact +381634 +382198 3 48 1
a contact +387531 +388093 48 3 1
a contact +387531 +388093 3 48 1
a contact +393382 +394060 48 3 1
a contact +393382 +394060 3 48 1
a contact +399261 +400071 48 3 1
a contact +399261 +400071 3 48 1
a contact +405212 +406106 48 3 1
a contact +405212 +406106 3 48 1
a contact +411252 +412161 48 3 1
a contact +411252 +412161 3 48 1
a contact +417374 +418240 48 3 1
a contact +417374 +418240 3 48 1
a contact +423548 +424356 48 3 1
a contact +423548 +424356 3 48 1
a contact +429721 +430515 48 3 1
a contact +429721 +430515 3 48 1
a contact +435854 +436694 48 3 1
a contact +435854 +436694 3 48 1
a contact +441945 +442838 48 3 1
a contact +441945 +442838 3 48 1
a contact +448007 +448908 48 3 1
a contact +448007 +448908 3 48 1
a contact +454049 +454890 48 3 1
a contact +454049 +454890 3 48 1
a contact +460070 +460792 48 3 1
a contact +460070 +460792 3 48 1
a contact +466055 +466646 48 3 1
a contact +466055 +466646 3 48 1
a contact +471975 +472522 48 3 1
a contact +471975 +472522 3 48 1
a contact +477832 +478469 48 3 1
a contact +477832 +478469 3 48 1
a contact +483696 +484471 48 3 1
a contact +483696 +484471 3 48 1
a contact +489623 +490500 48 3 1
a contact +489623 +490500 3 48 1
a contact +495637 +496549 48 3 1
a contact +495637 +496549 3 48 1
a contact +501737 +502620 48 3 1
a contact +501737 +502620 3 48 1
a contact +507900 +508723 48 3 1
a contact +507900 +508723 3 48 1
a contact +514079 +514870 48 3 1
a contact +514079 +514870 3 48 1
a contact +520226 +521049 48 3 1
a contact +520226 +521049 3 48 1
a contact +526327 +527208 48 3 1
a contact +526327 +527208 3 48 1
a contact +532397 +533302 48 3 1
a contact +532397 +533302 3 48 1
a contact +538445 +539311 48 3 1
a contact +538445 +539311 3 48 1
a contact +544473 +545234 48 3 1
a contact +544473 +545234 3 48 1
a contact +550471 +551096 48 3 1
a contact +550471 +551096 3 48 1
a contact +556413 +556957 48 3 1
a contact +556413 +556957 3 48 1
a contact +562283 +562883 48 3 1
a contact +562283 +562883 3 48 1
a contact +568137 +568872 48 3 1
a contact +568137 +568872 3 48 1
a contact +574042 +574895 48 3 1
a contact +574042 +574895 3 48 1
a contact +580030 +580938 48 3 1
a contact +580030 +580938 3 48 1
a contact +586106 +587002 48 3 1
a contact +586106 +587002 3 48 1
a contact +592254 +593095 48 3 1
a contact +592254 +593095 3 48 1
a contact +598435 +599229 48 3 1
a contact +598435 +599229 3 48 1
a contact +604594 +604800 48 3 1
a contact +604594 +604800 3 48 1
a contact +19008 +19841 48 5 1
a contact +19008 +19841 5 48 1
a contact +25011 +25900 48 5 1
a contact +25011 +25900 5 48 1
a contact +31334 +31843 48 5 1
a contact +31334 +31843 5 48 1
a contact +56643 +57249 48 5 1
a contact +56643 +57249 5 48 1
a contact +62616 +63506 48 5 1
a contact +62616 +63506 5 48 1
a contact +68691 +69463 48 5 1
a contact +68691 +69463 5 48 1
a contact +103469 +104209 48 5 1
a contact +103469 +104209 5 48 1
a contact +109388 +110297 48 5 1
a contact +109388 +110297 5 48 1
a contact +115598 +116289 48 5 1
a contact +115598 +116289 5 48 1
a contact +141117 +141475 48 5 1
a contact +141117 +141475 5 48 1
a contact +147016 +147872 48 5 1
a contact +147016 +147872 5 48 1
a contact +153065 +153911 48 5 1
a contact +153065 +153911 5 48 1
a contact +159277 +159594 48 5 1
a contact +159277 +159594 5 48 1
a contact +187965 +188559 48 5 1
a contact +187965 +188559 5 48 1
a contact +193788 +194688 48 5 1
a contact +193788 +194688 5 48 1
a contact +199907 +200711 48 5 1
a contact +199907 +200711 5 48 1
a contact +231426 +232212 48 5 1
a contact +231426 +232212 5 48 1
a contact +237448 +238334 48 5 1
a contact +237448 +238334 5 48 1
a contact +243576 +244158 48 5 1
a contact +243576 +244158 5 48 1
a contact +272529 +272861 48 5 1
a contact +272529 +272861 5 48 1
a contact +278211 +279071 48 5 1
a contact +278211 +279071 5 48 1
a contact +284248 +285119 48 5 1
a contact +284248 +285119 5 48 1
a contact +290635 +291028 48 5 1
a contact +290635 +291028 5 48 1
a contact +315848 +316520 48 5 1
a contact +315848 +316520 5 48 1
a contact +321838 +322733 48 5 1
a contact +321838 +322733 5 48 1
a contact +327926 +328655 48 5 1
a contact +327926 +328655 5 48 1
a contact +362660 +363444 48 5 1
a contact +362660 +363444 5 48 1
a contact +368615 +369520 48 5 1
a contact +368615 +369520 5 48 1
a contact +374867 +375495 48 5 1
a contact +374867 +375495 5 48 1
a contact +400297 +400779 48 5 1
a contact +400297 +400779 5 48 1
a contact +406235 +407109 48 5 1
a contact +406235 +407109 5 48 1
a contact +412294 +413115 48 5 1
a contact +412294 +413115 5 48 1
a contact +447141 +447803 48 5 1
a contact +447141 +447803 5 48 1
a contact +453005 +453913 48 5 1
a contact +453005 +453913 5 48 1
a contact +459160 +459924 48 5 1
a contact +459160 +459924 5 48 1
a contact +490641 +491461 48 5 1
a contact +490641 +491461 5 48 1
a contact +496674 +497548 48 5 1
a contact +496674 +497548 5 48 1
a contact +502828 +503323 48 5 1
a contact +502828 +503323 5 48 1
a contact +531668 +532133 48 5 1
a contact +531668 +532133 5 48 1
a contact +537419 +538299 48 5 1
a contact +537419 +538299 5 48 1
a contact +543489 +544337 48 5 1
a contact +543489 +544337 5 48 1
a contact +549973 +550179 48 5 1
a contact +549973 +550179 5 48 1
a contact +575057 +575783 48 5 1
a contact +575057 +575783 5 48 1
a contact +581061 +581957 48 5 1
a contact +581061 +581957 5 48 1
a contact +587164 +587840 48 5 1
a contact +587164 +587840 5 48 1
