a contact +0 +604800 2 1 1
a contact +0 +604800 1 2 1
a contact +0 +604800 4 1 1
a contact +0 +604800 1 4 1
a contact +0 +604800 6 1 1
a contact +0 +604800 1 6 1
a contact +0 +604800 8 1 1
a contact +0 +604800 1 8 1
a contact +0 +604800 10 1 1
a contact +0 +604800 1 10 1
a contact +0 +604800 44 45 1
a contact +0 +604800 45 44 1
a contact +0 +604800 45 46 1
a contact +0 +604800 46 45 1
a contact +0 +604800 46 47 1
a contact +0 +604800 47 46 1
a contact +0 +604800 47 48 1
a contact +0 +604800 48 47 1
a contact +4069 +4733 44 2 1
a contact +4069 +4733 2 44 1
a contact +10158 +10895 44 2 1
a contact +10158 +10895 2 44 1
a contact +16221 +16983 44 2 1
a contact +16221 +16983 2 44 1
a contact +22270 +22976 44 2 1
a contact +22270 +22976 2 44 1
a contact +28310 +28875 44 2 1
a contact +28310 +28875 2 44 1
a contact +34334 +34702 44 2 1
a contact +34334 +34702 2 44 1
a contact +40298 +40538 44 2 1
a contact +40298 +40538 2 44 1
a contact +46130 +46505 44 2 1
a contact +46130 +46505 2 44 1
a contact +51956 +52530 44 2 1
a contact +51956 +52530 2 44 1
a contact +57856 +58570 44 2 1
a contact +57856 +58570 2 44 1
a contact +63851 +64619 44 2 1
a contact +63851 +64619 2 44 1
a contact +69940 +70682 44 2 1
a contact +69940 +70682 2 44 1
a contact +76104 +76770 44 2 1
a contact +76104 +76770 2 44 1
a contact +82292 +82903 44 2 1
a contact +82292 +82903 2 44 1
a contact +88442 +89083 44 2 1
a contact +88442 +89083 2 44 1
a contact +94541 +95259 44 2 1
a contact +94541 +95259 2 44 1
a contact +100610 +101373 44 2 1
a contact +100610 +101373 2 44 1
a contact +106663 +107394 44 2 1
a contact +106663 +107394 2 44 1
a contact +112705 +113320 44 2 1
a contact +112705 +113320 2 44 1
a contact +118736 +119163 44 2 1
a contact +118736 +119163 2 44 1
a contact +124728 +124981 44 2 1
a contact +124728 +124981 2 44 1
a contact +130592 +130910 44 2 1
a contact +130592 +130910 2 44 1
a contact +136407 +136926 44 2 1
a contact +136407 +136926 2 44 1
a contact +142282 +142963 44 2 1
a contact +142282 +142963 2 44 1
a contact +148248 +149009 44 2 1
a contact +148248 +149009 2 44 1
a contact +154311 +155067 44 2 1
a contact +154311 +155067 2 44 1
a contact +160457 +161146 44 2 1
a contact +160457 +161146 2 44 1
a contact +166645 +167265 44 2 1
a contact +166645 +167265 2 44 1
a contact +172809 +173434 44 2 1
a contact +172809 +173434 2 44 1
a contact +178922 +179618 44 2 1
a contact +178922 +179618 2 44 1
a contact +184998 +185754 44 2 1
a contact +184998 +185754 2 44 1
a contact +191054 +191804 44 2 1
a contact +191054 +191804 2 44 1
a contact +197100 +197757 44 2 1
a contact +197100 +197757 2 44 1
a contact +203135 +203622 44 2 1
a contact +203135 +203622 2 44 1
a contact +209145 +209436 44 2 1
a contact +209145 +209436 2 44 1
a contact +215051 +215322 44 2 1
a contact +215051 +215322 2 44 1
a contact +220864 +221324 44 2 1
a contact +220864 +221324 2 44 1
a contact +226716 +227357 44 2 1
a contact +226716 +227357 2 44 1
a contact +232654 +233401 44 2 1
a contact +232654 +233401 2 44 1
a contact +238689 +239455 44 2 1
a contact +238689 +239455 2 44 1
a contact +244813 +245526 44 2 1
a contact +244813 +245526 2 44 1
a contact +250995 +251631 44 2 1
a contact +250995 +251631 2 44 1
a contact +257172 +257786 44 2 1
a contact +257172 +257786 2 44 1
a contact +263300 +263973 44 2 1
a contact +263300 +263973 2 44 1
a contact +269384 +270128 44 2 1
a contact +269384 +270128 2 44 1
a contact +275445 +276205 44 2 1
a contact +275445 +276205 2 44 1
a contact +281493 +282187 44 2 1
a contact +281493 +282187 2 44 1
a contact +287532 +288075 44 2 1
a contact +287532 +288075 2 44 1
a contact +293553 +293897 44 2 1
a contact +293553 +293897 2 44 1
a contact +299501 +299745 44 2 1
a contact +299501 +299745 2 44 1
a contact +305325 +305724 44 2 1
a contact +305325 +305724 2 44 1
a contact +311158 +311752 44 2 1
a contact +311158 +311752 2 44 1
a contact +317068 +317793 44 2 1
a contact +317068 +317793 2 44 1
a contact +323075 +323844 44 2 1
a contact +323075 +323844 2 44 1
a contact +329175 +329909 44 2 1
a contact +329175 +329909 2 44 1
a contact +335345 +336001 44 2 1
a contact +335345 +336001 2 44 1
a contact +341531 +342141 44 2 1
a contact +341531 +342141 2 44 1
a contact +347674 +348324 44 2 1
a contact +347674 +348324 2 44 1
a contact +353769 +354495 44 2 1
a contact +353769 +354495 2 44 1
a contact +359835 +360598 44 2 1
a contact +359835 +360598 2 44 1
a contact +365886 +366608 44 2 1
a contact +365886 +366608 2 44 1
a contact +371928 +372523 44 2 1
a contact +371928 +372523 2 44 1
a contact +377956 +378359 44 2 1
a contact +377956 +378359 2 44 1
a contact +383937 +384182 44 2 1
a contact +383937 +384182 2 44 1
a contact +389787 +390127 44 2 1
a contact +389787 +390127 2 44 1
a contact +395606 +396148 44 2 1
a contact +395606 +396148 2 44 1
a contact +401491 +402186 44 2 1
a contact +401491 +402186 2 44 1
a contact +407469 +408233 44 2 1
a contact +407469 +408233 2 44 1
a contact +413542 +414294 44 2 1
a contact +413542 +414294 2 44 1
a contact +419696 +420376 44 2 1
a contact +419696 +420376 2 44 1
a contact +425885 +426500 44 2 1
a contact +425885 +426500 2 44 1
a contact +432044 +432675 44 2 1
a contact +432044 +432675 2 44 1
a contact +438151 +438856 44 2 1
a contact +438151 +438856 2 44 1
a contact +444224 +444983 44 2 1
a contact +444224 +444983 2 44 1
a contact +450278 +451021 44 2 1
a contact +450278 +451021 2 44 1
a contact +456322 +456963 44 2 1
a contact +456322 +456963 2 44 1
a contact +462356 +462819 44 2 1
a contact +462356 +462819 2 44 1
a contact +468359 +468633 44 2 1
a contact +468359 +468633 2 44 1
a contact +474248 +474536 44 2 1
a contact +474248 +474536 2 44 1
a contact +480060 +480545 44 2 1
a contact +480060 +480545 2 44 1
a contact +485921 +486580 44 2 1
a contact +485921 +486580 2 44 1
a contact +491871 +492624 44 2 1
a contact +491871 +492624 2 44 1
a contact +497917 +498680 44 2 1
a contact +497917 +498680 2 44 1
a contact +504051 +504755 44 2 1
a contact +504051 +504755 2 44 1
a contact +510236 +510864 44 2 1
a contact +510236 +510864 2 44 1
a contact +516409 +517026 44 2 1
a contact +516409 +517026 2 44 1
a contact +522530 +523212 44 2 1
a contact +522530 +523212 2 44 1
a contact +528611 +529360 44 2 1
a contact +528611 +529360 2 44 1
a contact +534670 +535426 44 2 1
a contact +534670 +535426 2 44 1
a contact +540716 +541396 44 2 1
a contact +540716 +541396 2 44 1
a contact +546753 +547274 44 2 1
a contact +546753 +547274 2 44 1
a contact +552771 +553092 44 2 1
a contact +552771 +553092 2 44 1
a contact +558702 +558954 44 2 1
a contact +558702 +558954 2 44 1
a contact +564520 +564944 44 2 1
a contact +564520 +564944 2 44 1
a contact +570360 +570974 44 2 1
a contact +570360 +570974 2 44 1
a contact +576282 +577016 44 2 1
a contact +576282 +577016 2 44 1
a contact +582300 +583068 44 2 1
a contact +582300 +583068 2 44 1
a contact +588410 +589136 44 2 1
a contact +588410 +589136 2 44 1
a contact +594586 +595233 44 2 1
a contact +594586 +595233 2 44 1
a contact +600769 +601379 44 2 1
a contact +600769 +601379 2 44 1
a contact +15500 +15771 44 4 1
a contact +15500 +15771 4 44 1
a contact +21230 +21981 44 4 1
a contact +21230 +21981 4 44 1
a contact +27347 +27995 44 4 1
a contact +27347 +27995 4 44 1
a contact +58888 +59477 44 4 1
a contact +58888 +59477 4 44 1
a contact +64885 +65633 44 4 1
a contact +64885 +65633 4 44 1
a contact +71053 +71428 44 4 1
a contact +71053 +71428 4 44 1
a contact +105662 +106358 44 4 1
a contact +105662 +106358 4 44 1
a contact +111684 +112412 44 4 1
a contact +111684 +112412 4 44 1
a contact +143344 +143748 44 4 1
a contact +143344 +143748 4 44 1
a contact +149277 +150028 44 4 1
a contact +149277 +150028 4 44 1
a contact +155376 +155947 44 4 1
a contact +155376 +155947 4 44 1
a contact +190127 +190719 44 4 1
a contact +190127 +190719 4 44 1
a contact +196051 +196815 44 4 1
a contact +196051 +196815 4 44 1
a contact +202334 +202748 44 4 1
a contact +202334 +202748 4 44 1
a contact +233680 +234396 44 4 1
a contact +233680 +234396 4 44 1
a contact +239736 +240414 44 4 1
a contact +239736 +240414 4 44 1
a contact +274641 +275047 44 4 1
a contact +274641 +275047 4 44 1
a contact +280445 +281207 44 4 1
a contact +280445 +281207 4 44 1
a contact +286604 +287204 44 4 1
a contact +286604 +287204 4 44 1
a contact +318096 +318734 44 4 1
a contact +318096 +318734 4 44 1
a contact +324112 +324848 44 4 1
a contact +324112 +324848 4 44 1
a contact +330338 +330560 44 4 1
a contact +330338 +330560 4 44 1
a contact +364866 +365589 44 4 1
a contact +364866 +365589 4 44 1
a contact +370926 +371627 44 4 1
a contact +370926 +371627 4 44 1
a contact +402535 +403031 44 4 1
a contact +402535 +403031 4 44 1
a contact +408500 +409254 44 4 1
a contact +408500 +409254 4 44 1
a contact +414622 +415127 44 4 1
a contact +414622 +415127 4 44 1
a contact +449316 +449958 44 4 1
a contact +449316 +449958 4 44 1
a contact +455281 +456035 44 4 1
a contact +455281 +456035 4 44 1
a contact +461640 +461920 44 4 1
a contact +461640 +461920 4 44 1
a contact +487052 +487228 44 4 1
a contact +487052 +487228 4 44 1
a contact +492898 +493633 44 4 1
a contact +492898 +493633 4 44 1
a contact +498970 +499611 44 4 1
a contact +498970 +499611 4 44 1
a contact +533806 +534303 44 4 1
a contact +533806 +534303 4 44 1
a contact +539665 +540432 44 4 1
a contact +539665 +540432 4 44 1
a contact +545870 +546407 44 4 1
a contact +545870 +546407 4 44 1
a contact +577308 +577984 44 4 1
a contact +577308 +577984 4 44 1
a contact +583340 +584058 44 4 1
a contact +583340 +584058 4 44 1
a contact +24110 +24834 44 6 1
a contact +24110 +24834 6 44 1
a contact +30230 +30829 44 6 1
a contact +30230 +30829 6 44 1
a contact +62100 +62576 44 6 1
a contact +62100 +62576 6 44 1
a contact +68034 +68798 44 6 1
a contact +68034 +68798 6 44 1
a contact +74259 +74541 44 6 1
a contact +74259 +74541 6 44 1
a contact +108558 +109199 44 6 1
a contact +108558 +109199 6 44 1
a contact +114556 +115261 44 6 1
a contact +114556 +115261 6 44 1
a contact +152432 +153187 44 6 1
a contact +152432 +153187 6 44 1
a contact +158540 +159101 44 6 1
a contact +158540 +159101 6 44 1
a contact +193055 +193532 44 6 1
a contact +193055 +193532 6 44 1
a contact +198922 +199670 44 6 1
a contact +198922 +199670 6 44 1
a contact +205312 +205478 44 6 1
a contact +205312 +205478 6 44 1
a contact +236847 +237542 44 6 1
a contact +236847 +237542 6 44 1
a contact +242888 +243578 44 6 1
a contact +242888 +243578 6 44 1
a contact +283322 +284062 44 6 1
a contact +283322 +284062 6 44 1
a contact +289497 +290025 44 6 1
a contact +289497 +290025 6 44 1
a contact +321289 +321853 44 6 1
a contact +321289 +321853 6 44 1
a contact +327261 +328014 44 6 1
a contact +327261 +328014 6 44 1
a contact +367754 +368437 44 6 1
a contact +367754 +368437 6 44 1
a contact +373801 +374471 44 6 1
a contact +373801 +374471 6 44 1
a contact +405803 +406072 44 6 1
a contact +405803 +406072 6 44 1
a contact +411651 +412416 44 6 1
a contact +411651 +412416 6 44 1
a contact +417796 +418272 44 6 1
a contact +417796 +418272 6 44 1
a contact +452227 +452786 44 6 1
a contact +452227 +452786 6 44 1
a contact +458153 +458889 44 6 1
a contact +458153 +458889 6 44 1
a contact +496059 +496785 44 6 1
a contact +496059 +496785 6 44 1
a contact +502126 +502773 44 6 1
a contact +502126 +502773 6 44 1
a contact +536780 +537073 44 6 1
a contact +536780 +537073 6 44 1
a contact +542538 +543288 44 6 1
a contact +542538 +543288 6 44 1
a contact +548779 +549209 44 6 1
a contact +548779 +549209 6 44 1
a contact +580487 +581117 44 6 1
a contact +580487 +581117 6 44 1
a contact +586490 +587224 44 6 1
a contact +586490 +587224 6 44 1
a contact +0 +306 44 8 1
a contact +0 +306 8 44 1
a contact +5813 +6153 44 8 1
a contact +5813 +6153 8 44 1
a contact +38514 +38840 44 8 1
a contact +38514 +38840 8 44 1
a contact +44343 +45095 44 8 1
a contact +44343 +45095 8 44 1
a contact +84028 +84661 44 8 1
a contact +84028 +84661 8 44 1
a contact +90064 +90682 44 8 1
a contact +90064 +90682 8 44 1
a contact +128739 +129495 44 8 1
a contact +128739 +129495 8 44 1
a contact +134992 +135265 44 8 1
a contact +134992 +135265 8 44 1
a contact +168554 +168947 44 8 1
a contact +168554 +168947 8 44 1
a contact +174405 +175128 44 8 1
a contact +174405 +175128 8 44 1
a contact +213170 +213853 44 8 1
a contact +213170 +213853 8 44 1
a contact +219235 +219837 44 8 1
a contact +219235 +219837 8 44 1
a contact +258792 +259534 44 8 1
a contact +258792 +259534 8 44 1
a contact +297658 +298147 44 8 1
a contact +297658 +298147 8 44 1
a contact +303575 +304303 44 8 1
a contact +303575 +304303 8 44 1
a contact +343221 +343905 44 8 1
a contact +343221 +343905 8 44 1
a contact +349329 +349865 44 8 1
a contact +349329 +349865 8 44 1
a contact +387957 +388720 44 8 1
a contact +387957 +388720 8 44 1
a contact +427707 +428228 44 8 1
a contact +427707 +428228 8 44 1
a contact +433643 +434335 44 8 1
a contact +433643 +434335 8 44 1
a contact +472372 +473096 44 8 1
a contact +472372 +473096 8 44 1
a contact +478499 +479008 44 8 1
a contact +478499 +479008 8 44 1
a contact +518013 +518756 44 8 1
a contact +518013 +518756 8 44 1
a contact +556832 +557422 44 8 1
a contact +556832 +557422 8 44 1
a contact +562814 +563503 44 8 1
a contact +562814 +563503 8 44 1
a contact +602424 +603142 44 8 1
a contact +602424 +603142 8 44 1
a contact +29067 +29547 44 10 1
a contact +29067 +29547 10 44 1
a contact +35001 +35737 44 10 1
a contact +35001 +35737 10 44 1
a contact +75271 +75957 44 10 1
a contact +75271 +75957 10 44 1
a contact +81316 +81987 44 10 1
a contact +81316 +81987 10 44 1
a contact +119393 +120138 44 10 1
a contact +119393 +120138 10 44 1
a contact +125568 +125966 44 10 1
a contact +125568 +125966 10 44 1
a contact +159757 +160293 44 10 1
a contact +159757 +160293 10 44 1
a contact +165663 +166412 44 10 1
a contact +165663 +166412 10 44 1
a contact +203807 +204503 44 10 1
a contact +203807 +204503 10 44 1
a contact +209874 +210489 44 10 1
a contact +209874 +210489 10 44 1
a contact +244383 +244507 44 10 1
a contact +244383 +244507 10 44 1
a contact +250049 +250813 44 10 1
a contact +250049 +250813 10 44 1
a contact +256323 +256687 44 10 1
a contact +256323 +256687 10 44 1
a contact +288252 +288822 44 10 1
a contact +288252 +288822 10 44 1
a contact +294231 +294946 44 10 1
a contact +294231 +294946 10 44 1
a contact +334471 +335193 44 10 1
a contact +334471 +335193 10 44 1
a contact +340573 +341187 44 10 1
a contact +340573 +341187 10 44 1
a contact +372781 +373040 44 10 1
a contact +372781 +373040 10 44 1
a contact +378614 +379362 44 10 1
a contact +378614 +379362 10 44 1
a contact +384877 +385081 44 10 1
a contact +384877 +385081 10 44 1
a contact +418934 +419545 44 10 1
a contact +418934 +419545 10 44 1
a contact +424900 +425625 44 10 1
a contact +424900 +425625 10 44 1
a contact +463018 +463743 44 10 1
a contact +463018 +463743 10 44 1
a contact +469124 +469670 44 10 1
a contact +469124 +469670 10 44 1
a contact +503470 +503842 44 10 1
a contact +503470 +503842 10 44 1
a contact +509271 +510035 44 10 1
a contact +509271 +510035 10 44 1
a contact +515721 +515756 44 10 1
a contact +515721 +515756 10 44 1
a contact +547449 +548083 44 10 1
a contact +547449 +548083 10 44 1
a contact +553466 +554148 44 10 1
a contact +553466 +554148 10 44 1
a contact +593678 +594424 44 10 1
a contact +593678 +594424 10 44 1
a contact +599841 +600378 44 10 1
a contact +599841 +600378 10 44 1
a contact +3516 +4172 45 2 1
a contact +3516 +4172 2 45 1
a contact +9607 +10339 45 2 1
a contact +9607 +10339 2 45 1
a contact +15672 +16435 45 2 1
a contact +15672 +16435 2 45 1
a contact +21722 +22437 45 2 1
a contact +21722 +22437 2 45 1
a contact +27763 +28344 45 2 1
a contact +27763 +28344 2 45 1
a contact +33790 +34176 45 2 1
a contact +33790 +34176 2 45 1
a contact +39763 +40004 45 2 1
a contact +39763 +40004 2 45 1
a contact +45604 +45960 45 2 1
a contact +45604 +45960 2 45 1
a contact +51426 +51983 45 2 1
a contact +51426 +51983 2 45 1
a contact +57318 +58022 45 2 1
a contact +57318 +58022 2 45 1
a contact +63304 +64070 45 2 1
a contact +63304 +64070 2 45 1
a contact +69385 +70132 45 2 1
a contact +69385 +70132 2 45 1
a contact +75544 +76217 45 2 1
a contact +75544 +76217 2 45 1
a contact +81732 +82345 45 2 1
a contact +81732 +82345 2 45 1
a contact +87887 +88523 45 2 1
a contact +87887 +88523 2 45 1
a contact +93990 +94702 45 2 1
a contact +93990 +94702 2 45 1
a contact +100061 +100822 45 2 1
a contact +100061 +100822 2 45 1
a contact +106115 +106853 45 2 1
a contact +106115 +106853 2 45 1
a contact +112158 +112787 45 2 1
a contact +112158 +112787 2 45 1
a contact +118190 +118636 45 2 1
a contact +118190 +118636 2 45 1
a contact +124189 +124451 45 2 1
a contact +124189 +124451 2 45 1
a contact +130066 +130367 45 2 1
a contact +130066 +130367 2 45 1
a contact +135879 +136380 45 2 1
a contact +135879 +136380 2 45 1
a contact +141746 +142416 45 2 1
a contact +141746 +142416 2 45 1
a contact +147704 +148461 45 2 1
a contact +147704 +148461 2 45 1
a contact +153758 +154518 45 2 1
a contact +153758 +154518 2 45 1
a contact +159897 +160594 45 2 1
a contact +159897 +160594 2 45 1
a contact +166084 +166708 45 2 1
a contact +166084 +166708 2 45 1
a contact +172253 +172873 45 2 1
a contact +172253 +172873 2 45 1
a contact +178370 +179059 45 2 1
a contact +178370 +179059 2 45 1
a contact +184448 +185201 45 2 1
a contact +184448 +185201 2 45 1
a contact +190506 +191260 45 2 1
a contact +190506 +191260 2 45 1
a contact +196552 +197222 45 2 1
a contact +196552 +197222 2 45 1
a contact +202588 +203093 45 2 1
a contact +202588 +203093 2 45 1
a contact +208602 +208909 45 2 1
a contact +208602 +208909 2 45 1
a contact +214522 +214782 45 2 1
a contact +214522 +214782 2 45 1
a contact +220337 +220778 45 2 1
a contact +220337 +220778 2 45 1
a contact +226183 +226810 45 2 1
a contact +226183 +226810 2 45 1
a contact +232112 +232853 45 2 1
a contact +232112 +232853 2 45 1
a contact +238138 +238906 45 2 1
a contact +238138 +238906 2 45 1
a contact +244255 +244975 45 2 1
a contact +244255 +244975 2 45 1
a contact +250434 +251076 45 2 1
a contact +250434 +251076 2 45 1
a contact +256614 +257226 45 2 1
a contact +256614 +257226 2 45 1
a contact +262747 +263412 45 2 1
a contact +262747 +263412 2 45 1
a contact +268834 +269573 45 2 1
a contact +268834 +269573 2 45 1
a contact +274897 +275658 45 2 1
a contact +274897 +275658 2 45 1
a contact +280946 +281649 45 2 1
a contact +280946 +281649 2 45 1
a contact +286985 +287545 45 2 1
a contact +286985 +287545 2 45 1
a contact +293009 +293370 45 2 1
a contact +293009 +293370 2 45 1
a contact +298968 +299209 45 2 1
a contact +298968 +299209 2 45 1
a contact +304798 +305179 45 2 1
a contact +304798 +305179 2 45 1
a contact +310626 +311205 45 2 1
a contact +310626 +311205 2 45 1
a contact +316529 +317245 45 2 1
a contact +316529 +317245 2 45 1
a contact +322526 +323295 45 2 1
a contact +322526 +323295 2 45 1
a contact +328619 +329358 45 2 1
a contact +328619 +329358 2 45 1
a contact +334784 +335448 45 2 1
a contact +334784 +335448 2 45 1
a contact +340971 +341582 45 2 1
a contact +340971 +341582 2 45 1
a contact +347119 +347763 45 2 1
a contact +347119 +347763 2 45 1
a contact +353218 +353938 45 2 1
a contact +353218 +353938 2 45 1
a contact +359286 +360049 45 2 1
a contact +359286 +360049 2 45 1
a contact +365338 +366068 45 2 1
a contact +365338 +366068 2 45 1
a contact +371381 +371991 45 2 1
a contact +371381 +371991 2 45 1
a contact +377411 +377832 45 2 1
a contact +377411 +377832 2 45 1
a contact +383400 +383651 45 2 1
a contact +383400 +383651 2 45 1
a contact +389261 +389584 45 2 1
a contact +389261 +389584 2 45 1
a contact +395077 +395601 45 2 1
a contact +395077 +395601 2 45 1
a contact +400954 +401638 45 2 1
a contact +400954 +401638 2 45 1
a contact +406923 +407685 45 2 1
a contact +406923 +407685 2 45 1
a contact +412988 +413744 45 2 1
a contact +412988 +413744 2 45 1
a contact +419137 +419824 45 2 1
a contact +419137 +419824 2 45 1
a contact +425324 +425943 45 2 1
a contact +425324 +425943 2 45 1
a contact +431488 +432114 45 2 1
a contact +431488 +432114 2 45 1
a contact +437599 +438298 45 2 1
a contact +437599 +438298 2 45 1
a contact +443674 +444431 45 2 1
a contact +443674 +444431 2 45 1
a contact +449730 +450478 45 2 1
a contact +449730 +450478 2 45 1
a contact +455775 +456429 45 2 1
a contact +455775 +456429 2 45 1
a contact +461810 +462291 45 2 1
a contact +461810 +462291 2 45 1
a contact +467818 +468105 45 2 1
a contact +467818 +468105 2 45 1
a contact +473720 +473995 45 2 1
a contact +473720 +473995 2 45 1
a contact +479533 +479999 45 2 1
a contact +479533 +479999 2 45 1
a contact +485387 +486032 45 2 1
a contact +485387 +486032 2 45 1
a contact +491328 +492076 45 2 1
a contact +491328 +492076 2 45 1
a contact +497366 +498131 45 2 1
a contact +497366 +498131 2 45 1
a contact +503492 +504203 45 2 1
a contact +503492 +504203 2 45 1
a contact +509675 +510309 45 2 1
a contact +509675 +510309 2 45 1
a contact +515851 +516466 45 2 1
a contact +515851 +516466 2 45 1
a contact +521977 +522652 45 2 1
a contact +521977 +522652 2 45 1
a contact +528061 +528806 45 2 1
a contact +528061 +528806 2 45 1
a contact +534121 +534880 45 2 1
a contact +534121 +534880 2 45 1
a contact +540169 +540859 45 2 1
a contact +540169 +540859 2 45 1
a contact +546207 +546745 45 2 1
a contact +546207 +546745 2 45 1
a contact +552227 +552565 45 2 1
a contact +552227 +552565 2 45 1
a contact +558171 +558416 45 2 1
a contact +558171 +558416 2 45 1
a contact +563993 +564399 45 2 1
a contact +563993 +564399 2 45 1
a contact +569828 +570427 45 2 1
a contact +569828 +570427 2 45 1
a contact +575741 +576469 45 2 1
a contact +575741 +576469 2 45 1
a contact +581750 +582519 45 2 1
a contact +581750 +582519 2 45 1
a contact +587853 +588585 45 2 1
a contact +587853 +588585 2 45 1
a contact +594025 +594679 45 2 1
a contact +594025 +594679 2 45 1
a contact +600210 +600820 45 2 1
a contact +600210 +600820 2 45 1
a contact +20692 +21429 45 4 1
a contact +20692 +21429 4 45 1
a contact +26778 +27457 45 4 1
a contact +26778 +27457 4 45 1
a contact +58355 +58899 45 4 1
a contact +58355 +58899 4 45 1
a contact +64336 +65089 45 4 1
a contact +64336 +65089 4 45 1
a contact +70477 +70928 45 4 1
a contact +70477 +70928 4 45 1
a contact +105133 +105802 45 4 1
a contact +105133 +105802 4 45 1
a contact +111125 +111868 45 4 1
a contact +111125 +111868 4 45 1
a contact +117575 +117679 45 4 1
a contact +117575 +117679 4 45 1
a contact +142832 +143142 45 4 1
a contact +142832 +143142 4 45 1
a contact +148732 +149476 45 4 1
a contact +148732 +149476 4 45 1
a contact +154816 +155427 45 4 1
a contact +154816 +155427 4 45 1
a contact +189610 +190156 45 4 1
a contact +189610 +190156 4 45 1
a contact +195501 +196268 45 4 1
a contact +195501 +196268 4 45 1
a contact +201740 +202226 45 4 1
a contact +201740 +202226 4 45 1
a contact +233138 +233835 45 4 1
a contact +233138 +233835 4 45 1
a contact +239181 +239882 45 4 1
a contact +239181 +239882 4 45 1
a contact +274151 +274463 45 4 1
a contact +274151 +274463 4 45 1
a contact +279903 +280657 45 4 1
a contact +279903 +280657 4 45 1
a contact +286030 +286668 45 4 1
a contact +286030 +286668 4 45 1
a contact +317559 +318162 45 4 1
a contact +317559 +318162 4 45 1
a contact +323562 +324307 45 4 1
a contact +323562 +324307 4 45 1
a contact +329741 +330085 45 4 1
a contact +329741 +330085 4 45 1
a contact +364333 +365036 45 4 1
a contact +364333 +365036 4 45 1
a contact +370364 +371085 45 4 1
a contact +370364 +371085 4 45 1
a contact +402010 +402440 45 4 1
a contact +402010 +402440 4 45 1
a contact +407953 +408705 45 4 1
a contact +407953 +408705 4 45 1
a contact +414057 +414613 45 4 1
a contact +414057 +414613 4 45 1
a contact +448793 +449399 45 4 1
a contact +448793 +449399 4 45 1
a contact +454728 +455490 45 4 1
a contact +454728 +455490 4 45 1
a contact +461027 +461413 45 4 1
a contact +461027 +461413 4 45 1
a contact +492354 +493076 45 4 1
a contact +492354 +493076 4 45 1
a contact +498414 +499084 45 4 1
a contact +498414 +499084 4 45 1
a contact +533301 +533732 45 4 1
a contact +533301 +533732 4 45 1
a contact +539119 +539883 45 4 1
a contact +539119 +539883 4 45 1
a contact +545290 +545875 45 4 1
a contact +545290 +545875 4 45 1
a contact +576769 +577417 45 4 1
a contact +576769 +577417 4 45 1
a contact +582789 +583520 45 4 1
a contact +582789 +583520 4 45 1
a contact +589041 +589201 45 4 1
a contact +589041 +589201 4 45 1
a contact +23575 +24280 45 6 1
a contact +23575 +24280 6 45 1
a contact +29656 +30296 45 6 1
a contact +29656 +30296 6 45 1
a contact +61589 +61975 45 6 1
a contact +61589 +61975 6 45 1
a contact +67486 +68252 45 6 1
a contact +67486 +68252 6 45 1
a contact +73662 +74062 45 6 1
a contact +73662 +74062 6 45 1
a contact +108036 +108638 45 6 1
a contact +108036 +108638 6 45 1
a contact +113997 +114720 45 6 1
a contact +113997 +114720 6 45 1
a contact +151889 +152631 45 6 1
a contact +151889 +152631 6 45 1
a contact +157975 +158585 45 6 1
a contact +157975 +158585 6 45 1
a contact +192557 +192951 45 6 1
a contact +192557 +192951 6 45 1
a contact +198373 +199124 45 6 1
a contact +198373 +199124 6 45 1
a contact +204669 +205006 45 6 1
a contact +204669 +205006 6 45 1
a contact +236311 +236974 45 6 1
a contact +236311 +236974 6 45 1
a contact +242332 +243048 45 6 1
a contact +242332 +243048 6 45 1
a contact +282782 +283511 45 6 1
a contact +282782 +283511 6 45 1
a contact +288915 +289498 45 6 1
a contact +288915 +289498 6 45 1
a contact +320766 +321267 45 6 1
a contact +320766 +321267 6 45 1
a contact +326710 +327472 45 6 1
a contact +326710 +327472 6 45 1
a contact +332959 +333185 45 6 1
a contact +332959 +333185 6 45 1
a contact +367226 +367879 45 6 1
a contact +367226 +367879 6 45 1
a contact +373237 +373934 45 6 1
a contact +373237 +373934 6 45 1
a contact +411106 +411864 45 6 1
a contact +411106 +411864 6 45 1
a contact +417223 +417765 45 6 1
a contact +417223 +417765 6 45 1
a contact +451716 +452216 45 6 1
a contact +451716 +452216 6 45 1
a contact +457599 +458345 45 6 1
a contact +457599 +458345 6 45 1
a contact +495519 +496223 45 6 1
a contact +495519 +496223 6 45 1
a contact +501566 +502248 45 6 1
a contact +501566 +502248 6 45 1
a contact +536374 +536404 45 6 1
a contact +536374 +536404 6 45 1
a contact +541995 +542739 45 6 1
a contact +541995 +542739 6 45 1
a contact +548185 +548692 45 6 1
a contact +548185 +548692 6 45 1
a contact +579957 +580540 45 6 1
a contact +579957 +580540 6 45 1
a contact +585937 +586686 45 6 1
a contact +585937 +586686 6 45 1
a contact +5204 +5664 45 8 1
a contact +5204 +5664 8 45 1
a contact +43793 +44554 45 8 1
a contact +43793 +44554 8 45 1
a contact +83509 +84090 45 8 1
a contact +83509 +84090 8 45 1
a contact +89494 +90156 45 8 1
a contact +89494 +90156 8 45 1
a contact +128199 +128941 45 8 1
a contact +128199 +128941 8 45 1
a contact +134375 +134796 45 8 1
a contact +134375 +134796 8 45 1
a contact +168093 +168322 45 8 1
a contact +168093 +168322 8 45 1
a contact +173851 +174588 45 8 1
a contact +173851 +174588 8 45 1
a contact +212643 +213283 45 8 1
a contact +212643 +213283 8 45 1
a contact +218665 +219319 45 8 1
a contact +218665 +219319 8 45 1
a contact +258251 +258983 45 8 1
a contact +258251 +258983 8 45 1
a contact +264517 +264801 45 8 1
a contact +264517 +264801 8 45 1
a contact +297165 +297541 45 8 1
a contact +297165 +297541 8 45 1
a contact +303020 +303767 45 8 1
a contact +303020 +303767 8 45 1
a contact +342695 +343342 45 8 1
a contact +342695 +343342 8 45 1
a contact +348749 +349349 45 8 1
a contact +348749 +349349 8 45 1
a contact +387412 +388172 45 8 1
a contact +387412 +388172 8 45 1
a contact +393706 +393898 45 8 1
a contact +393706 +393898 8 45 1
a contact +427209 +427640 45 8 1
a contact +427209 +427640 8 45 1
a contact +433083 +433800 45 8 1
a contact +433083 +433800 8 45 1
a contact +471840 +472534 45 8 1
a contact +471840 +472534 8 45 1
a contact +477919 +478501 45 8 1
a contact +477919 +478501 8 45 1
a contact +517466 +518210 45 8 1
a contact +517466 +518210 8 45 1
a contact +556319 +556837 45 8 1
a contact +556319 +556837 8 45 1
a contact +562254 +562974 45 8 1
a contact +562254 +562974 8 45 1
a contact +601891 +602585 45 8 1
a contact +601891 +602585 8 45 1
a contact +28560 +28946 45 10 1
a contact +28560 +28946 10 45 1
a contact +34451 +35196 45 10 1
a contact +34451 +35196 10 45 1
a contact +74746 +75396 45 10 1
a contact +74746 +75396 10 45 1
a contact +80749 +81452 45 10 1
a contact +80749 +81452 10 45 1
a contact +118849 +119586 45 10 1
a contact +118849 +119586 10 45 1
a contact +124984 +125470 45 10 1
a contact +124984 +125470 10 45 1
a contact +159254 +159716 45 10 1
a contact +159254 +159716 10 45 1
a contact +165110 +165869 45 10 1
a contact +165110 +165869 10 45 1
a contact +203271 +203938 45 10 1
a contact +203271 +203938 10 45 1
a contact +209312 +209966 45 10 1
a contact +209312 +209966 10 45 1
a contact +249506 +250263 45 10 1
a contact +249506 +250263 10 45 1
a contact +255717 +256185 45 10 1
a contact +255717 +256185 10 45 1
a contact +287731 +288237 45 10 1
a contact +287731 +288237 10 45 1
a contact +293678 +294410 45 10 1
a contact +293678 +294410 10 45 1
a contact +333940 +334636 45 10 1
a contact +333940 +334636 10 45 1
a contact +339999 +340657 45 10 1
a contact +339999 +340657 10 45 1
a contact +378068 +378815 45 10 1
a contact +378068 +378815 10 45 1
a contact +384259 +384621 45 10 1
a contact +384259 +384621 10 45 1
a contact +418420 +418977 45 10 1
a contact +418420 +418977 10 45 1
a contact +424342 +425085 45 10 1
a contact +424342 +425085 10 45 1
a contact +462479 +463184 45 10 1
a contact +462479 +463184 10 45 1
a contact +468556 +469155 45 10 1
a contact +468556 +469155 10 45 1
a contact +503008 +503226 45 10 1
a contact +503008 +503226 10 45 1
a contact +508724 +509489 45 10 1
a contact +508724 +509489 10 45 1
a contact +515024 +515342 45 10 1
a contact +515024 +515342 10 45 1
a contact +546920 +547508 45 10 1
a contact +546920 +547508 10 45 1
a contact +552909 +553617 45 10 1
a contact +552909 +553617 10 45 1
a contact +593142 +593871 45 10 1
a contact +593142 +593871 10 45 1
a contact +599258 +599855 45 10 1
a contact +599258 +599855 10 45 1
a contact +2961 +3610 46 2 1
a contact +2961 +3610 2 46 1
a contact +9056 +9782 46 2 1
a contact +9056 +9782 2 46 1
a contact +15122 +15886 46 2 1
a contact +15122 +15886 2 46 1
a contact +21174 +21897 46 2 1
a contact +21174 +21897 2 46 1
a contact +27215 +27812 46 2 1
a contact +27215 +27812 2 46 1
a contact +33244 +33648 46 2 1
a contact +33244 +33648 2 46 1
a contact +39226 +39471 46 2 1
a contact +39226 +39471 2 46 1
a contact +45077 +45415 46 2 1
a contact +45077 +45415 2 46 1
a contact +50895 +51436 46 2 1
a contact +50895 +51436 2 46 1
a contact +56779 +57473 46 2 1
a contact +56779 +57473 2 46 1
a contact +62756 +63521 46 2 1
a contact +62756 +63521 2 46 1
a contact +68829 +69581 46 2 1
a contact +68829 +69581 2 46 1
a contact +74983 +75663 46 2 1
a contact +74983 +75663 2 46 1
a contact +81171 +81787 46 2 1
a contact +81171 +81787 2 46 1
a contact +87330 +87961 46 2 1
a contact +87330 +87961 2 46 1
a contact +93438 +94143 46 2 1
a contact +93438 +94143 2 46 1
a contact +99511 +100270 46 2 1
a contact +99511 +100270 2 46 1
a contact +105566 +106309 46 2 1
a contact +105566 +106309 2 46 1
a contact +111610 +112252 46 2 1
a contact +111610 +112252 2 46 1
a contact +117643 +118108 46 2 1
a contact +117643 +118108 2 46 1
a contact +123648 +123922 46 2 1
a contact +123648 +123922 2 46 1
a contact +129537 +129824 46 2 1
a contact +129537 +129824 2 46 1
a contact +135350 +135833 46 2 1
a contact +135350 +135833 2 46 1
a contact +141210 +141867 46 2 1
a contact +141210 +141867 2 46 1
a contact +147159 +147912 46 2 1
a contact +147159 +147912 2 46 1
a contact +153204 +153968 46 2 1
a contact +153204 +153968 2 46 1
a contact +159337 +160042 46 2 1
a contact +159337 +160042 2 46 1
a contact +165522 +166151 46 2 1
a contact +165522 +166151 2 46 1
a contact +171695 +172312 46 2 1
a contact +171695 +172312 2 46 1
a contact +177817 +178499 46 2 1
a contact +177817 +178499 2 46 1
a contact +183898 +184647 46 2 1
a contact +183898 +184647 2 46 1
a contact +189957 +190714 46 2 1
a contact +189957 +190714 2 46 1
a contact +196004 +196685 46 2 1
a contact +196004 +196685 2 46 1
a contact +202041 +202564 46 2 1
a contact +202041 +202564 2 46 1
a contact +208059 +208381 46 2 1
a contact +208059 +208381 2 46 1
a contact +213992 +214242 46 2 1
a contact +213992 +214242 2 46 1
a contact +219809 +220232 46 2 1
a contact +219809 +220232 2 46 1
a contact +225649 +226262 46 2 1
a contact +225649 +226262 2 46 1
a contact +231570 +232304 46 2 1
a contact +231570 +232304 2 46 1
a contact +237587 +238356 46 2 1
a contact +237587 +238356 2 46 1
a contact +243697 +244423 46 2 1
a contact +243697 +244423 2 46 1
a contact +249872 +250520 46 2 1
a contact +249872 +250520 2 46 1
a contact +256055 +256666 46 2 1
a contact +256055 +256666 2 46 1
a contact +262192 +262851 46 2 1
a contact +262192 +262851 2 46 1
a contact +268283 +269017 46 2 1
a contact +268283 +269017 2 46 1
a contact +274347 +275110 46 2 1
a contact +274347 +275110 2 46 1
a contact +280397 +281109 46 2 1
a contact +280397 +281109 2 46 1
a contact +286437 +287014 46 2 1
a contact +286437 +287014 2 46 1
a contact +292463 +292843 46 2 1
a contact +292463 +292843 2 46 1
a contact +298433 +298674 46 2 1
a contact +298433 +298674 2 46 1
a contact +304271 +304634 46 2 1
a contact +304271 +304634 2 46 1
a contact +310095 +310657 46 2 1
a contact +310095 +310657 2 46 1
a contact +315989 +316697 46 2 1
a contact +315989 +316697 2 46 1
a contact +321978 +322745 46 2 1
a contact +321978 +322745 2 46 1
a contact +328062 +328807 46 2 1
a contact +328062 +328807 2 46 1
a contact +334223 +334893 46 2 1
a contact +334223 +334893 2 46 1
a contact +340411 +341023 46 2 1
a contact +340411 +341023 2 46 1
a contact +346564 +347202 46 2 1
a contact +346564 +347202 2 46 1
a contact +352666 +353380 46 2 1
a contact +352666 +353380 2 46 1
a contact +358736 +359498 46 2 1
a contact +358736 +359498 2 46 1
a contact +364790 +365525 46 2 1
a contact +364790 +365525 2 46 1
a contact +370833 +371457 46 2 1
a contact +370833 +371457 2 46 1
a contact +376864 +377304 46 2 1
a contact +376864 +377304 2 46 1
a contact +382861 +383120 46 2 1
a contact +382861 +383120 2 46 1
a contact +388733 +389040 46 2 1
a contact +388733 +389040 2 46 1
a contact +394547 +395054 46 2 1
a contact +394547 +395054 2 46 1
a contact +400417 +401090 46 2 1
a contact +400417 +401090 2 46 1
a contact +406377 +407136 46 2 1
a contact +406377 +407136 2 46 1
a contact +412434 +413193 46 2 1
a contact +412434 +413193 2 46 1
a contact +418576 +419270 46 2 1
a contact +418576 +419270 2 46 1
a contact +424763 +425386 46 2 1
a contact +424763 +425386 2 46 1
a contact +430931 +431552 46 2 1
a contact +430931 +431552 2 46 1
a contact +437046 +437738 46 2 1
a contact +437046 +437738 2 46 1
a contact +443124 +443878 46 2 1
a contact +443124 +443878 2 46 1
a contact +449181 +449933 46 2 1
a contact +449181 +449933 2 46 1
a contact +455227 +455892 46 2 1
a contact +455227 +455892 2 46 1
a contact +461263 +461762 46 2 1
a contact +461263 +461762 2 46 1
a contact +467275 +467577 46 2 1
a contact +467275 +467577 2 46 1
a contact +473191 +473454 46 2 1
a contact +473191 +473454 2 46 1
a contact +479005 +479452 46 2 1
a contact +479005 +479452 2 46 1
a contact +484852 +485484 46 2 1
a contact +484852 +485484 2 46 1
a contact +490785 +491527 46 2 1
a contact +490785 +491527 2 46 1
a contact +496814 +497581 46 2 1
a contact +496814 +497581 2 46 1
a contact +502933 +503651 46 2 1
a contact +502933 +503651 2 46 1
a contact +509113 +509753 46 2 1
a contact +509113 +509753 2 46 1
a contact +515293 +515905 46 2 1
a contact +515293 +515905 2 46 1
a contact +521423 +522091 46 2 1
a contact +521423 +522091 2 46 1
a contact +527510 +528250 46 2 1
a contact +527510 +528250 2 46 1
a contact +533572 +534333 46 2 1
a contact +533572 +534333 2 46 1
a contact +539620 +540320 46 2 1
a contact +539620 +540320 2 46 1
a contact +545659 +546214 46 2 1
a contact +545659 +546214 2 46 1
a contact +551682 +552038 46 2 1
a contact +551682 +552038 2 46 1
a contact +557638 +557879 46 2 1
a contact +557638 +557879 2 46 1
a contact +563466 +563853 46 2 1
a contact +563466 +563853 2 46 1
a contact +569295 +569880 46 2 1
a contact +569295 +569880 2 46 1
a contact +575201 +575920 46 2 1
a contact +575201 +575920 2 46 1
a contact +581201 +581970 46 2 1
a contact +581201 +581970 2 46 1
a contact +587296 +588034 46 2 1
a contact +587296 +588034 2 46 1
a contact +593463 +594124 46 2 1
a contact +593463 +594124 2 46 1
a contact +599650 +600261 46 2 1
a contact +599650 +600261 2 46 1
a contact +20155 +20876 46 4 1
a contact +20155 +20876 4 46 1
a contact +26212 +26915 46 4 1
a contact +26212 +26915 4 46 1
a contact +57824 +58314 46 4 1
a contact +57824 +58314 4 46 1
a contact +63787 +64541 46 4 1
a contact +63787 +64541 4 46 1
a contact +69907 +70418 46 4 1
a contact +69907 +70418 4 46 1
a contact +104606 +105244 46 4 1
a contact +104606 +105244 4 46 1
a contact +110568 +111323 46 4 1
a contact +110568 +111323 4 46 1
a contact +116920 +117213 46 4 1
a contact +116920 +117213 4 46 1
a contact +142350 +142502 46 4 1
a contact +142350 +142502 4 46 1
a contact +148186 +148920 46 4 1
a contact +148186 +148920 4 46 1
a contact +154257 +154901 46 4 1
a contact +154257 +154901 4 46 1
a contact +189098 +189589 46 4 1
a contact +189098 +189589 4 46 1
a contact +194952 +195719 46 4 1
a contact +194952 +195719 4 46 1
a contact +201154 +201696 46 4 1
a contact +201154 +201696 4 46 1
a contact +232596 +233270 46 4 1
a contact +232596 +233270 4 46 1
a contact +238628 +239346 46 4 1
a contact +238628 +239346 4 46 1
a contact +273691 +273849 46 4 1
a contact +273691 +273849 4 46 1
a contact +279363 +280105 46 4 1
a contact +279363 +280105 4 46 1
a contact +285459 +286129 46 4 1
a contact +285459 +286129 4 46 1
a contact +317024 +317584 46 4 1
a contact +317024 +317584 4 46 1
a contact +323011 +323763 46 4 1
a contact +323011 +323763 4 46 1
a contact +329160 +329588 46 4 1
a contact +329160 +329588 4 46 1
a contact +363801 +364480 46 4 1
a contact +363801 +364480 4 46 1
a contact +369803 +370542 46 4 1
a contact +369803 +370542 4 46 1
a contact +401493 +401838 46 4 1
a contact +401493 +401838 4 46 1
a contact +407405 +408152 46 4 1
a contact +407405 +408152 4 46 1
a contact +413495 +414093 46 4 1
a contact +413495 +414093 4 46 1
a contact +448274 +448836 46 4 1
a contact +448274 +448836 4 46 1
a contact +454176 +454942 46 4 1
a contact +454176 +454942 4 46 1
a contact +460429 +460893 46 4 1
a contact +460429 +460893 4 46 1
a contact +491811 +492515 46 4 1
a contact +491811 +492515 4 46 1
a contact +497858 +498552 46 4 1
a contact +497858 +498552 4 46 1
a contact +532805 +533151 46 4 1
a contact +532805 +533151 4 46 1
a contact +538576 +539333 46 4 1
a contact +538576 +539333 4 46 1
a contact +544713 +545339 46 4 1
a contact +544713 +545339 4 46 1
a contact +576230 +576845 46 4 1
a contact +576230 +576845 4 46 1
a contact +582237 +582979 46 4 1
a contact +582237 +582979 4 46 1
a contact +588429 +588738 46 4 1
a contact +588429 +588738 4 46 1
a contact +23043 +23723 46 6 1
a contact +23043 +23723 6 46 1
a contact +29087 +29760 46 6 1
a contact +29087 +29760 6 46 1
a contact +61099 +61350 46 6 1
a contact +61099 +61350 6 46 1
a contact +66939 +67703 46 6 1
a contact +66939 +67703 6 46 1
a contact +73080 +73564 46 6 1
a contact +73080 +73564 6 46 1
a contact +107518 +108071 46 6 1
a contact +107518 +108071 6 46 1
a contact +113439 +114177 46 6 1
a contact +113439 +114177 6 46 1
a contact +151347 +152071 46 6 1
a contact +151347 +152071 6 46 1
a contact +157412 +158063 46 6 1
a contact +157412 +158063 6 46 1
a contact +192076 +192354 46 6 1
a contact +192076 +192354 6 46 1
a contact +197826 +198575 46 6 1
a contact +197826 +198575 6 46 1
a contact +204061 +204500 46 6 1
a contact +204061 +204500 6 46 1
a contact +235777 +236401 46 6 1
a contact +235777 +236401 6 46 1
a contact +241777 +242512 46 6 1
a contact +241777 +242512 6 46 1
a contact +282245 +282957 46 6 1
a contact +282245 +282957 6 46 1
a contact +288339 +288966 46 6 1
a contact +288339 +288966 6 46 1
a contact +320250 +320669 46 6 1
a contact +320250 +320669 6 46 1
a contact +326161 +326927 46 6 1
a contact +326161 +326927 6 46 1
a contact +332350 +332717 46 6 1
a contact +332350 +332717 6 46 1
a contact +366701 +367317 46 6 1
a contact +366701 +367317 6 46 1
a contact +372675 +373393 46 6 1
a contact +372675 +373393 6 46 1
a contact +410562 +411309 46 6 1
a contact +410562 +411309 6 46 1
a contact +416655 +417250 46 6 1
a contact +416655 +417250 6 46 1
a contact +451213 +451638 46 6 1
a contact +451213 +451638 6 46 1
a contact +457048 +457798 46 6 1
a contact +457048 +457798 6 46 1
a contact +463369 +463662 46 6 1
a contact +463369 +463662 6 46 1
a contact +494981 +495656 46 6 1
a contact +494981 +495656 6 46 1
a contact +501009 +501717 46 6 1
a contact +501009 +501717 6 46 1
a contact +541454 +542187 46 6 1
a contact +541454 +542187 6 46 1
a contact +547600 +548166 46 6 1
a contact +547600 +548166 6 46 1
a contact +579431 +579955 46 6 1
a contact +579431 +579955 6 46 1
a contact +585386 +586145 46 6 1
a contact +585386 +586145 6 46 1
a contact +591669 +591817 46 6 1
a contact +591669 +591817 6 46 1
a contact +4612 +5156 46 8 1
a contact +4612 +5156 8 46 1
a contact +43245 +44008 46 8 1
a contact +43245 +44008 8 46 1
a contact +82999 +83512 46 8 1
a contact +82999 +83512 8 46 1
a contact +88929 +89624 46 8 1
a contact +88929 +89624 8 46 1
a contact +127661 +128382 46 8 1
a contact +127661 +128382 8 46 1
a contact +133783 +134301 46 8 1
a contact +133783 +134301 8 46 1
a contact +173300 +174044 46 8 1
a contact +173300 +174044 8 46 1
a contact +212122 +212706 46 8 1
a contact +212122 +212706 8 46 1
a contact +218100 +218793 46 8 1
a contact +218100 +218793 8 46 1
a contact +257713 +258429 46 8 1
a contact +257713 +258429 8 46 1
a contact +263896 +264322 46 8 1
a contact +263896 +264322 8 46 1
a contact +296715 +296891 46 8 1
a contact +296715 +296891 8 46 1
a contact +302468 +303227 46 8 1
a contact +302468 +303227 8 46 1
a contact +342173 +342773 46 8 1
a contact +342173 +342773 8 46 1
a contact +348176 +348824 46 8 1
a contact +348176 +348824 8 46 1
a contact +386870 +387618 46 8 1
a contact +386870 +387618 8 46 1
a contact +393069 +393449 46 8 1
a contact +393069 +393449 8 46 1
a contact +426732 +427029 46 8 1
a contact +426732 +427029 8 46 1
a contact +432527 +433260 46 8 1
a contact +432527 +433260 8 46 1
a contact +471310 +471966 46 8 1
a contact +471310 +471966 8 46 1
a contact +477346 +477984 46 8 1
a contact +477346 +477984 8 46 1
a contact +516923 +517659 46 8 1
a contact +516923 +517659 8 46 1
a contact +523229 +523440 46 8 1
a contact +523229 +523440 8 46 1
a contact +555819 +556238 46 8 1
a contact +555819 +556238 8 46 1
a contact +561697 +562438 46 8 1
a contact +561697 +562438 8 46 1
a contact +601362 +602023 46 8 1
a contact +601362 +602023 8 46 1
a contact +28077 +28317 46 10 1
a contact +28077 +28317 10 46 1
a contact +33902 +34650 46 10 1
a contact +33902 +34650 10 46 1
a contact +40154 +40381 46 10 1
a contact +40154 +40381 10 46 1
a contact +74225 +74831 46 10 1
a contact +74225 +74831 10 46 1
a contact +80186 +80913 46 10 1
a contact +80186 +80913 10 46 1
a contact +118307 +119029 46 10 1
a contact +118307 +119029 10 46 1
a contact +124409 +124961 46 10 1
a contact +124409 +124961 10 46 1
a contact +158764 +159124 46 10 1
a contact +158764 +159124 10 46 1
a contact +164558 +165323 46 10 1
a contact +164558 +165323 10 46 1
a contact +170971 +171080 46 10 1
a contact +170971 +171080 10 46 1
a contact +202738 +203368 46 10 1
a contact +202738 +203368 10 46 1
a contact +208752 +209438 46 10 1
a contact +208752 +209438 10 46 1
a contact +248966 +249711 46 10 1
a contact +248966 +249711 10 46 1
a contact +255124 +255668 46 10 1
a contact +255124 +255668 10 46 1
a contact +287219 +287640 46 10 1
a contact +287219 +287640 10 46 1
a contact +293126 +293869 46 10 1
a contact +293126 +293869 10 46 1
a contact +333412 +334076 46 10 1
a contact +333412 +334076 10 46 1
a contact +339430 +340123 46 10 1
a contact +339430 +340123 10 46 1
a contact +377522 +378263 46 10 1
a contact +377522 +378263 10 46 1
a contact +383670 +384129 46 10 1
a contact +383670 +384129 10 46 1
a contact +417912 +418401 46 10 1
a contact +417912 +418401 10 46 1
a contact +423786 +424542 46 10 1
a contact +423786 +424542 10 46 1
a contact +461942 +462619 46 10 1
a contact +461942 +462619 10 46 1
a contact +467991 +468633 46 10 1
a contact +467991 +468633 10 46 1
a contact +508179 +508939 46 10 1
a contact +508179 +508939 10 46 1
a contact +514409 +514846 46 10 1
a contact +514409 +514846 10 46 1
a contact +546396 +546925 46 10 1
a contact +546396 +546925 10 46 1
a contact +552354 +553081 46 10 1
a contact +552354 +553081 10 46 1
a contact +592608 +593314 46 10 1
a contact +592608 +593314 10 46 1
a contact +598682 +599326 46 10 1
a contact +598682 +599326 10 46 1
a contact +2404 +3047 47 2 1
a contact +2404 +3047 2 47 1
a contact +8503 +9223 47 2 1
a contact +8503 +9223 2 47 1
a contact +14571 +15334 47 2 1
a contact +14571 +15334 2 47 1
a contact +20624 +21354 47 2 1
a contact +20624 +21354 2 47 1
a contact +26666 +27278 47 2 1
a contact +26666 +27278 2 47 1
a contact +32696 +33120 47 2 1
a contact +32696 +33120 2 47 1
a contact +38687 +38938 47 2 1
a contact +38687 +38938 2 47 1
a contact +44548 +44870 47 2 1
a contact +44548 +44870 2 47 1
a contact +50364 +50887 47 2 1
a contact +50364 +50887 2 47 1
a contact +56241 +56924 47 2 1
a contact +56241 +56924 2 47 1
a contact +62209 +62970 47 2 1
a contact +62209 +62970 2 47 1
a contact +68273 +69029 47 2 1
a contact +68273 +69029 2 47 1
a contact +74421 +75109 47 2 1
a contact +74421 +75109 2 47 1
a contact +80608 +81228 47 2 1
a contact +80608 +81228 2 47 1
a contact +86772 +87398 47 2 1
a contact +86772 +87398 2 47 1
a contact +92884 +93582 47 2 1
a contact +92884 +93582 2 47 1
a contact +98959 +99716 47 2 1
a contact +98959 +99716 2 47 1
a contact +105016 +105764 47 2 1
a contact +105016 +105764 2 47 1
a contact +111061 +111715 47 2 1
a contact +111061 +111715 2 47 1
a contact +117095 +117578 47 2 1
a contact +117095 +117578 2 47 1
a contact +123104 +123392 47 2 1
a contact +123104 +123392 2 47 1
a contact +129008 +129281 47 2 1
a contact +129008 +129281 2 47 1
a contact +134820 +135285 47 2 1
a contact +134820 +135285 2 47 1
a contact +140674 +141318 47 2 1
a contact +140674 +141318 2 47 1
a contact +146614 +147362 47 2 1
a contact +146614 +147362 2 47 1
a contact +152651 +153416 47 2 1
a contact +152651 +153416 2 47 1
a contact +158777 +159488 47 2 1
a contact +158777 +159488 2 47 1
a contact +164959 +165593 47 2 1
a contact +164959 +165593 2 47 1
a contact +171136 +171750 47 2 1
a contact +171136 +171750 2 47 1
a contact +177262 +177936 47 2 1
a contact +177262 +177936 2 47 1
a contact +183346 +184091 47 2 1
a contact +183346 +184091 2 47 1
a contact +189406 +190166 47 2 1
a contact +189406 +190166 2 47 1
a contact +195454 +196146 47 2 1
a contact +195454 +196146 2 47 1
a contact +201492 +202032 47 2 1
a contact +201492 +202032 2 47 1
a contact +207513 +207853 47 2 1
a contact +207513 +207853 2 47 1
a contact +213459 +213703 47 2 1
a contact +213459 +213703 2 47 1
a contact +219281 +219685 47 2 1
a contact +219281 +219685 2 47 1
a contact +225115 +225713 47 2 1
a contact +225115 +225713 2 47 1
a contact +231027 +231754 47 2 1
a contact +231027 +231754 2 47 1
a contact +237036 +237805 47 2 1
a contact +237036 +237805 2 47 1
a contact +243138 +243870 47 2 1
a contact +243138 +243870 2 47 1
a contact +249309 +249964 47 2 1
a contact +249309 +249964 2 47 1
a contact +255494 +256105 47 2 1
a contact +255494 +256105 2 47 1
a contact +261636 +262288 47 2 1
a contact +261636 +262288 2 47 1
a contact +267730 +268458 47 2 1
a contact +267730 +268458 2 47 1
a contact +273796 +274559 47 2 1
a contact +273796 +274559 2 47 1
a contact +279847 +280568 47 2 1
a contact +279847 +280568 2 47 1
a contact +285888 +286480 47 2 1
a contact +285888 +286480 2 47 1
a contact +291916 +292315 47 2 1
a contact +291916 +292315 2 47 1
a contact +297896 +298139 47 2 1
a contact +297896 +298139 2 47 1
a contact +303743 +304088 47 2 1
a contact +303743 +304088 2 47 1
a contact +309563 +310109 47 2 1
a contact +309563 +310109 2 47 1
a contact +315449 +316147 47 2 1
a contact +315449 +316147 2 47 1
a contact +321429 +322195 47 2 1
a contact +321429 +322195 2 47 1
a contact +327505 +328255 47 2 1
a contact +327505 +328255 2 47 1
a contact +333660 +334338 47 2 1
a contact +333660 +334338 2 47 1
a contact +339849 +340464 47 2 1
a contact +339849 +340464 2 47 1
a contact +346006 +346639 47 2 1
a contact +346006 +346639 2 47 1
a contact +352113 +352820 47 2 1
a contact +352113 +352820 2 47 1
a contact +358185 +358945 47 2 1
a contact +358185 +358945 2 47 1
a contact +364239 +364981 47 2 1
a contact +364239 +364981 2 47 1
a contact +370283 +370921 47 2 1
a contact +370283 +370921 2 47 1
a contact +376316 +376775 47 2 1
a contact +376316 +376775 2 47 1
a contact +382319 +382589 47 2 1
a contact +382319 +382589 2 47 1
a contact +388204 +388496 47 2 1
a contact +388204 +388496 2 47 1
a contact +394017 +394506 47 2 1
a contact +394017 +394506 2 47 1
a contact +399880 +400541 47 2 1
a contact +399880 +400541 2 47 1
a contact +405831 +406586 47 2 1
a contact +405831 +406586 2 47 1
a contact +411879 +412642 47 2 1
a contact +411879 +412642 2 47 1
a contact +418015 +418716 47 2 1
a contact +418015 +418716 2 47 1
a contact +424200 +424827 47 2 1
a contact +424200 +424827 2 47 1
a contact +430372 +430990 47 2 1
a contact +430372 +430990 2 47 1
a contact +436492 +437176 47 2 1
a contact +436492 +437176 2 47 1
a contact +442572 +443322 47 2 1
a contact +442572 +443322 2 47 1
a contact +448631 +449387 47 2 1
a contact +448631 +449387 2 47 1
a contact +454677 +455354 47 2 1
a contact +454677 +455354 2 47 1
a contact +460714 +461231 47 2 1
a contact +460714 +461231 2 47 1
a contact +466731 +467048 47 2 1
a contact +466731 +467048 2 47 1
a contact +472659 +472913 47 2 1
a contact +472659 +472913 2 47 1
a contact +478476 +478905 47 2 1
a contact +478476 +478905 2 47 1
a contact +484317 +484935 47 2 1
a contact +484317 +484935 2 47 1
a contact +490241 +490977 47 2 1
a contact +490241 +490977 2 47 1
a contact +496261 +497030 47 2 1
a contact +496261 +497030 2 47 1
a contact +502373 +503098 47 2 1
a contact +502373 +503098 2 47 1
a contact +508550 +509196 47 2 1
a contact +508550 +509196 2 47 1
a contact +514732 +515343 47 2 1
a contact +514732 +515343 2 47 1
a contact +520868 +521529 47 2 1
a contact +520868 +521529 2 47 1
a contact +526957 +527693 47 2 1
a contact +526957 +527693 2 47 1
a contact +533021 +533783 47 2 1
a contact +533021 +533783 2 47 1
a contact +539071 +539780 47 2 1
a contact +539071 +539780 2 47 1
a contact +545111 +545682 47 2 1
a contact +545111 +545682 2 47 1
a contact +551136 +551510 47 2 1
a contact +551136 +551510 2 47 1
a contact +557103 +557343 47 2 1
a contact +557103 +557343 2 47 1
a contact +562938 +563306 47 2 1
a contact +562938 +563306 2 47 1
a contact +568763 +569331 47 2 1
a contact +568763 +569331 2 47 1
a contact +574660 +575370 47 2 1
a contact +574660 +575370 2 47 1
a contact +580651 +581419 47 2 1
a contact +580651 +581419 2 47 1
a contact +586738 +587481 47 2 1
a contact +586738 +587481 2 47 1
a contact +592901 +593569 47 2 1
a contact +592901 +593569 2 47 1
a contact +599088 +599700 47 2 1
a contact +599088 +599700 2 47 1
a contact +19620 +20320 47 4 1
a contact +19620 +20320 4 47 1
a contact +25648 +26371 47 4 1
a contact +25648 +26371 4 47 1
a contact +57298 +57721 47 4 1
a contact +57298 +57721 4 47 1
a contact +63238 +63990 47 4 1
a contact +63238 +63990 4 47 1
a contact +69341 +69902 47 4 1
a contact +69341 +69902 4 47 1
a contact +104082 +104683 47 4 1
a contact +104082 +104683 4 47 1
a contact +110013 +110775 47 4 1
a contact +110013 +110775 4 47 1
a contact +116307 +116702 47 4 1
a contact +116307 +116702 4 47 1
a contact +147640 +148360 47 4 1
a contact +147640 +148360 4 47 1
a contact +153698 +154371 47 4 1
a contact +153698 +154371 4 47 1
a contact +188591 +189015 47 4 1
a contact +188591 +189015 4 47 1
a contact +194405 +195168 47 4 1
a contact +194405 +195168 4 47 1
a contact +200572 +201162 47 4 1
a contact +200572 +201162 4 47 1
a contact +232055 +232700 47 4 1
a contact +232055 +232700 4 47 1
a contact +238074 +238807 47 4 1
a contact +238074 +238807 4 47 1
a contact +244317 +244499 47 4 1
a contact +244317 +244499 4 47 1
a contact +278824 +279551 47 4 1
a contact +278824 +279551 4 47 1
a contact +284891 +285587 47 4 1
a contact +284891 +285587 4 47 1
a contact +316491 +317000 47 4 1
a contact +316491 +317000 4 47 1
a contact +322461 +323215 47 4 1
a contact +322461 +323215 4 47 1
a contact +328587 +329080 47 4 1
a contact +328587 +329080 4 47 1
a contact +363272 +363921 47 4 1
a contact +363272 +363921 4 47 1
a contact +369244 +369995 47 4 1
a contact +369244 +369995 4 47 1
a contact +375619 +375868 47 4 1
a contact +375619 +375868 4 47 1
a contact +400995 +401213 47 4 1
a contact +400995 +401213 4 47 1
a contact +406858 +407596 47 4 1
a contact +406858 +407596 4 47 1
a contact +412934 +413567 47 4 1
a contact +412934 +413567 4 47 1
a contact +447758 +448269 47 4 1
a contact +447758 +448269 4 47 1
a contact +453626 +454393 47 4 1
a contact +453626 +454393 4 47 1
a contact +459839 +460364 47 4 1
a contact +459839 +460364 4 47 1
a contact +491267 +491949 47 4 1
a contact +491267 +491949 4 47 1
a contact +497303 +498016 47 4 1
a contact +497303 +498016 4 47 1
a contact +532329 +532550 47 4 1
a contact +532329 +532550 4 47 1
a contact +538033 +538780 47 4 1
a contact +538033 +538780 4 47 1
a contact +544140 +544799 47 4 1
a contact +544140 +544799 4 47 1
a contact +575693 +576268 47 4 1
a contact +575693 +576268 4 47 1
a contact +581685 +582435 47 4 1
a contact +581685 +582435 4 47 1
a contact +587843 +588245 47 4 1
a contact +587843 +588245 4 47 1
a contact +22514 +23163 47 6 1
a contact +22514 +23163 6 47 1
a contact +28521 +29220 47 6 1
a contact +28521 +29220 6 47 1
a contact +66392 +67149 47 6 1
a contact +66392 +67149 6 47 1
a contact +72506 +73054 47 6 1
a contact +72506 +73054 6 47 1
a contact +107006 +107499 47 6 1
a contact +107006 +107499 6 47 1
a contact +112884 +113631 47 6 1
a contact +112884 +113631 6 47 1
a contact +119318 +119398 47 6 1
a contact +119318 +119398 6 47 1
a contact +150806 +151507 47 6 1
a contact +150806 +151507 6 47 1
a contact +156851 +157535 47 6 1
a contact +156851 +157535 6 47 1
a contact +197281 +198024 47 6 1
a contact +197281 +198024 6 47 1
a contact +203467 +203980 47 6 1
a contact +203467 +203980 6 47 1
a contact +235245 +235822 47 6 1
a contact +235245 +235822 6 47 1
a contact +241222 +241973 47 6 1
a contact +241222 +241973 6 47 1
a contact +281711 +282400 47 6 1
a contact +281711 +282400 6 47 1
a contact +287767 +288430 47 6 1
a contact +287767 +288430 6 47 1
a contact +319749 +320053 47 6 1
a contact +319749 +320053 6 47 1
a contact +325612 +326377 47 6 1
a contact +325612 +326377 6 47 1
a contact +331763 +332222 47 6 1
a contact +331763 +332222 6 47 1
a contact +366181 +366751 47 6 1
a contact +366181 +366751 6 47 1
a contact +372115 +372849 47 6 1
a contact +372115 +372849 6 47 1
a contact +410018 +410749 47 6 1
a contact +410018 +410749 6 47 1
a contact +416090 +416728 47 6 1
a contact +416090 +416728 6 47 1
a contact +450724 +451046 47 6 1
a contact +450724 +451046 6 47 1
a contact +456499 +457249 47 6 1
a contact +456499 +457249 6 47 1
a contact +462752 +463161 47 6 1
a contact +462752 +463161 6 47 1
a contact +494445 +495083 47 6 1
a contact +494445 +495083 6 47 1
a contact +500452 +501182 47 6 1
a contact +500452 +501182 6 47 1
a contact +540915 +541632 47 6 1
a contact +540915 +541632 6 47 1
a contact +547021 +547635 47 6 1
a contact +547021 +547635 6 47 1
a contact +578911 +579360 47 6 1
a contact +578911 +579360 6 47 1
a contact +584835 +585600 47 6 1
a contact +584835 +585600 6 47 1
a contact +591040 +591368 47 6 1
a contact +591040 +591368 6 47 1
a contact +4031 +4637 47 8 1
a contact +4031 +4637 8 47 1
a contact +42698 +43457 47 8 1
a contact +42698 +43457 8 47 1
a contact +48977 +49199 47 8 1
a contact +48977 +49199 8 47 1
a contact +82500 +82920 47 8 1
a contact +82500 +82920 8 47 1
a contact +88368 +89086 47 8 1
a contact +88368 +89086 8 47 1
a contact +127127 +127818 47 8 1
a contact +127127 +127818 8 47 1
a contact +133202 +133791 47 8 1
a contact +133202 +133791 8 47 1
a contact +172752 +173495 47 8 1
a contact +172752 +173495 8 47 1
a contact +211609 +212118 47 8 1
a contact +211609 +212118 8 47 1
a contact +217538 +218261 47 8 1
a contact +217538 +218261 8 47 1
a contact +257178 +257869 47 8 1
a contact +257178 +257869 8 47 1
a contact +263299 +263818 47 8 1
a contact +263299 +263818 8 47 1
a contact +301918 +302681 47 8 1
a contact +301918 +302681 8 47 1
a contact +341659 +342196 47 8 1
a contact +341659 +342196 8 47 1
a contact +347607 +348292 47 8 1
a contact +347607 +348292 8 47 1
a contact +386331 +387060 47 8 1
a contact +386331 +387060 8 47 1
a contact +392469 +392958 47 8 1
a contact +392469 +392958 8 47 1
a contact +431974 +432716 47 8 1
a contact +431974 +432716 8 47 1
a contact +470786 +471390 47 8 1
a contact +470786 +471390 8 47 1
a contact +476779 +477459 47 8 1
a contact +476779 +477459 8 47 1
a contact +516382 +517105 47 8 1
a contact +516382 +517105 8 47 1
a contact +522589 +522977 47 8 1
a contact +522589 +522977 8 47 1
a contact +555345 +555608 47 8 1
a contact +555345 +555608 8 47 1
a contact +561142 +561898 47 8 1
a contact +561142 +561898 8 47 1
a contact +600837 +601454 47 8 1
a contact +600837 +601454 8 47 1
a contact +33353 +34100 47 10 1
a contact +33353 +34100 10 47 1
a contact +39540 +39913 47 10 1
a contact +39540 +39913 10 47 1
a contact +73709 +74260 47 10 1
a contact +73709 +74260 10 47 1
a contact +79626 +80371 47 10 1
a contact +79626 +80371 10 47 1
a contact +117766 +118467 47 10 1
a contact +117766 +118467 10 47 1
a contact +123839 +124444 47 10 1
a contact +123839 +124444 10 47 1
a contact +158306 +158501 47 10 1
a contact +158306 +158501 10 47 1
a contact +164009 +164774 47 10 1
a contact +164009 +164774 10 47 1
a contact +170301 +170634 47 10 1
a contact +170301 +170634 10 47 1
a contact +202208 +202790 47 10 1
a contact +202208 +202790 10 47 1
a contact +208194 +208904 47 10 1
a contact +208194 +208904 10 47 1
a contact +248428 +249155 47 10 1
a contact +248428 +249155 10 47 1
a contact +254540 +255143 47 10 1
a contact +254540 +255143 10 47 1
a contact +286724 +287022 47 10 1
a contact +286724 +287022 10 47 1
a contact +292575 +293323 47 10 1
a contact +292575 +293323 10 47 1
a contact +298867 +299009 47 10 1
a contact +298867 +299009 10 47 1
a contact +332888 +333510 47 10 1
a contact +332888 +333510 10 47 1
a contact +338864 +339584 47 10 1
a contact +338864 +339584 10 47 1
a contact +376978 +377706 47 10 1
a contact +376978 +377706 10 47 1
a contact +383091 +383622 47 10 1
a contact +383091 +383622 10 47 1
a contact +417416 +417814 47 10 1
a contact +417416 +417814 10 47 1
a contact +423232 +423996 47 10 1
a contact +423232 +423996 10 47 1
a contact +461406 +462049 47 10 1
a contact +461406 +462049 10 47 1
a contact +467429 +468105 47 10 1
a contact +467429 +468105 10 47 1
a contact +507637 +508386 47 10 1
a contact +507637 +508386 10 47 1
a contact +513811 +514332 47 10 1
a contact +513811 +514332 10 47 1
a contact +545879 +546331 47 10 1
a contact +545879 +546331 10 47 1
a contact +551800 +552540 47 10 1
a contact +551800 +552540 10 47 1
a contact +592078 +592753 47 10 1
a contact +592078 +592753 10 47 1
a contact +598110 +598792 47 10 1
a contact +598110 +598792 10 47 1
a contact +1846 +2483 48 2 1
a contact +1846 +2483 2 48 1
a contact +7949 +8662 48 2 1
a contact +7949 +8662 2 48 1
a contact +14019 +14781 48 2 1
a contact +14019 +14781 2 48 1
a contact +20073 +20809 48 2 1
a contact +20073 +20809 2 48 1
a contact +26116 +26741 48 2 1
a contact +26116 +26741 2 48 1
a contact +32147 +32590 48 2 1
a contact +32147 +32590 2 48 1
a contact +38145 +38405 48 2 1
a contact +38145 +38405 2 48 1
a contact +44019 +44324 48 2 1
a contact +44019 +44324 2 48 1
a contact +49832 +50337 48 2 1
a contact +49832 +50337 2 48 1
a contact +55701 +56373 48 2 1
a contact +55701 +56373 2 48 1
a contact +61661 +62419 48 2 1
a contact +61661 +62419 2 48 1
a contact +67717 +68476 48 2 1
a contact +67717 +68476 2 48 1
a contact +73858 +74553 48 2 1
a contact +73858 +74553 2 48 1
a contact +80045 +80668 48 2 1
a contact +80045 +80668 2 48 1
a contact +86213 +86834 48 2 1
a contact +86213 +86834 2 48 1
a contact +92329 +93019 48 2 1
a contact +92329 +93019 2 48 1
a contact +98407 +99160 48 2 1
a contact +98407 +99160 2 48 1
a contact +104464 +105217 48 2 1
a contact +104464 +105217 2 48 1
a contact +110510 +111177 48 2 1
a contact +110510 +111177 2 48 1
a contact +116546 +117047 48 2 1
a contact +116546 +117047 2 48 1
a contact +122559 +122862 48 2 1
a contact +122559 +122862 2 48 1
a contact +128476 +128738 48 2 1
a contact +128476 +128738 2 48 1
a contact +134290 +134736 48 2 1
a contact +134290 +134736 2 48 1
a contact +140137 +140768 48 2 1
a contact +140137 +140768 2 48 1
a contact +146068 +146810 48 2 1
a contact +146068 +146810 2 48 1
a contact +152096 +152864 48 2 1
a contact +152096 +152864 2 48 1
a contact +158215 +158934 48 2 1
a contact +158215 +158934 2 48 1
a contact +164395 +165035 48 2 1
a contact +164395 +165035 2 48 1
a contact +170575 +171187 48 2 1
a contact +170575 +171187 2 48 1
a contact +176706 +177373 48 2 1
a contact +176706 +177373 2 48 1
a contact +182793 +183533 48 2 1
a contact +182793 +183533 2 48 1
a contact +188855 +189616 48 2 1
a contact +188855 +189616 2 48 1
a contact +194904 +195605 48 2 1
a contact +194904 +195605 2 48 1
a contact +200943 +201499 48 2 1
a contact +200943 +201499 2 48 1
a contact +206966 +207323 48 2 1
a contact +206966 +207323 2 48 1
a contact +212923 +213164 48 2 1
a contact +212923 +213164 2 48 1
a contact +218751 +219136 48 2 1
a contact +218751 +219136 2 48 1
a contact +224580 +225163 48 2 1
a contact +224580 +225163 2 48 1
a contact +230485 +231203 48 2 1
a contact +230485 +231203 2 48 1
a contact +236484 +237253 48 2 1
a contact +236484 +237253 2 48 1
a contact +242578 +243317 48 2 1
a contact +242578 +243317 2 48 1
a contact +248745 +249407 48 2 1
a contact +248745 +249407 2 48 1
a contact +254932 +255543 48 2 1
a contact +254932 +255543 2 48 1
a contact +261079 +261724 48 2 1
a contact +261079 +261724 2 48 1
a contact +267176 +267898 48 2 1
a contact +267176 +267898 2 48 1
a contact +273244 +274007 48 2 1
a contact +273244 +274007 2 48 1
a contact +279296 +280024 48 2 1
a contact +279296 +280024 2 48 1
a contact +285338 +285945 48 2 1
a contact +285338 +285945 2 48 1
a contact +291368 +291785 48 2 1
a contact +291368 +291785 2 48 1
a contact +297356 +297605 48 2 1
a contact +297356 +297605 2 48 1
a contact +303214 +303541 48 2 1
a contact +303214 +303541 2 48 1
a contact +309030 +309559 48 2 1
a contact +309030 +309559 2 48 1
a contact +314909 +315596 48 2 1
a contact +314909 +315596 2 48 1
a contact +320880 +321643 48 2 1
a contact +320880 +321643 2 48 1
a contact +326947 +327702 48 2 1
a contact +326947 +327702 2 48 1
a contact +333097 +333782 48 2 1
a contact +333097 +333782 2 48 1
a contact +339285 +339903 48 2 1
a contact +339285 +339903 2 48 1
a contact +345447 +346074 48 2 1
a contact +345447 +346074 2 48 1
a contact +351558 +352258 48 2 1
a contact +351558 +352258 2 48 1
a contact +357632 +358390 48 2 1
a contact +357632 +358390 2 48 1
a contact +363688 +364435 48 2 1
a contact +363688 +364435 2 48 1
a contact +369733 +370384 48 2 1
a contact +369733 +370384 2 48 1
a contact +375767 +376244 48 2 1
a contact +375767 +376244 2 48 1
a contact +381775 +382058 48 2 1
a contact +381775 +382058 2 48 1
a contact +387674 +387951 48 2 1
a contact +387674 +387951 2 48 1
a contact +393486 +393957 48 2 1
a contact +393486 +393957 2 48 1
a contact +399342 +399990 48 2 1
a contact +399342 +399990 2 48 1
a contact +405284 +406034 48 2 1
a contact +405284 +406034 2 48 1
a contact +411324 +412089 48 2 1
a contact +411324 +412089 2 48 1
a contact +417453 +418162 48 2 1
a contact +417453 +418162 2 48 1
a contact +423636 +424268 48 2 1
a contact +423636 +424268 2 48 1
a contact +429811 +430426 48 2 1
a contact +429811 +430426 2 48 1
a contact +435936 +436613 48 2 1
a contact +435936 +436613 2 48 1
a contact +442019 +442765 48 2 1
a contact +442019 +442765 2 48 1
a contact +448079 +448838 48 2 1
a contact +448079 +448838 2 48 1
a contact +454127 +454814 48 2 1
a contact +454127 +454814 2 48 1
a contact +460164 +460699 48 2 1
a contact +460164 +460699 2 48 1
a contact +466184 +466518 48 2 1
a contact +466184 +466518 2 48 1
a contact +472126 +472372 48 2 1
a contact +472126 +472372 2 48 1
a contact +477946 +478356 48 2 1
a contact +477946 +478356 2 48 1
a contact +483782 +484385 48 2 1
a contact +483782 +484385 2 48 1
a contact +489697 +490426 48 2 1
a contact +489697 +490426 2 48 1
a contact +495709 +496478 48 2 1
a contact +495709 +496478 2 48 1
a contact +501813 +502544 48 2 1
a contact +501813 +502544 2 48 1
a contact +507986 +508638 48 2 1
a contact +507986 +508638 2 48 1
a contact +514170 +514781 48 2 1
a contact +514170 +514781 2 48 1
a contact +520311 +520965 48 2 1
a contact +520311 +520965 2 48 1
a contact +526404 +527133 48 2 1
a contact +526404 +527133 2 48 1
a contact +532469 +533232 48 2 1
a contact +532469 +533232 2 48 1
a contact +538520 +539237 48 2 1
a contact +538520 +539237 2 48 1
a contact +544560 +545147 48 2 1
a contact +544560 +545147 2 48 1
a contact +550588 +550980 48 2 1
a contact +550588 +550980 2 48 1
a contact +556564 +556806 48 2 1
a contact +556564 +556806 2 48 1
a contact +562408 +562759 48 2 1
a contact +562408 +562759 2 48 1
a contact +568229 +568781 48 2 1
a contact +568229 +568781 2 48 1
a contact +574118 +574819 48 2 1
a contact +574118 +574819 2 48 1
a contact +580101 +580867 48 2 1
a contact +580101 +580867 2 48 1
a contact +586180 +586928 48 2 1
a contact +586180 +586928 2 48 1
a contact +592337 +593012 48 2 1
a contact +592337 +593012 2 48 1
a contact +598525 +599139 48 2 1
a contact +598525 +599139 2 48 1
a contact +604681 +604800 48 2 1
a contact +604681 +604800 2 48 1
a contact +19086 +19762 48 4 1
a contact +19086 +19762 4 48 1
a contact +25085 +25825 48 4 1
a contact +25085 +25825 4 48 1
a contact +56781 +57114 48 4 1
a contact +56781 +57114 4 48 1
a contact +62689 +63435 48 4 1
a contact +62689 +63435 4 48 1
a contact +68776 +69379 48 4 1
a contact +68776 +69379 4 48 1
a contact +103561 +104117 48 4 1
a contact +103561 +104117 4 48 1
a contact +109459 +110225 48 4 1
a contact +109459 +110225 4 48 1
a contact +115708 +116178 48 4 1
a contact +115708 +116178 4 48 1
a contact +147094 +147796 48 4 1
a contact +147094 +147796 4 48 1
a contact +153141 +153837 48 4 1
a contact +153141 +153837 4 48 1
a contact +188095 +188430 48 4 1
a contact +188095 +188430 4 48 1
a contact +193859 +194616 48 4 1
a contact +193859 +194616 4 48 1
a contact +199994 +200623 48 4 1
a contact +199994 +200623 4 48 1
a contact +231515 +232126 48 4 1
a contact +231515 +232126 4 48 1
a contact +237520 +238263 48 4 1
a contact +237520 +238263 4 48 1
a contact +243707 +244029 48 4 1
a contact +243707 +244029 4 48 1
a contact +278287 +278995 48 4 1
a contact +278287 +278995 4 48 1
a contact +284324 +285042 48 4 1
a contact +284324 +285042 4 48 1
a contact +315962 +316408 48 4 1
a contact +315962 +316408 4 48 1
a contact +321910 +322663 48 4 1
a contact +321910 +322663 4 48 1
a contact +328018 +328564 48 4 1
a contact +328018 +328564 4 48 1
a contact +362745 +363359 48 4 1
a contact +362745 +363359 4 48 1
a contact +368687 +369447 48 4 1
a contact +368687 +369447 4 48 1
a contact +374998 +375363 48 4 1
a contact +374998 +375363 4 48 1
a contact +406311 +407036 48 4 1
a contact +406311 +407036 4 48 1
a contact +412373 +413037 48 4 1
a contact +412373 +413037 4 48 1
a contact +447248 +447696 48 4 1
a contact +447248 +447696 4 48 1
a contact +453076 +453841 48 4 1
a contact +453076 +453841 4 48 1
a contact +459254 +459829 48 4 1
a contact +459254 +459829 4 48 1
a contact +490724 +491379 48 4 1
a contact +490724 +491379 4 48 1
a contact +496747 +497476 48 4 1
a contact +496747 +497476 4 48 1
a contact +503029 +503124 48 4 1
a contact +503029 +503124 4 48 1
a contact +537492 +538225 48 4 1
a contact +537492 +538225 4 48 1
a contact +543569 +544257 48 4 1
a contact +543569 +544257 4 48 1
a contact +575158 +575685 48 4 1
a contact +575158 +575685 4 48 1
a contact +581133 +581887 48 4 1
a contact +581133 +581887 4 48 1
a contact +587267 +587739 48 4 1
a contact +587267 +587739 4 48 1
a contact +21987 +22599 48 6 1
a contact +21987 +22599 6 48 1
a contact +27957 +28677 48 6 1
a contact +27957 +28677 6 48 1
a contact +65845 +66591 48 6 1
a contact +65845 +66591 6 48 1
a contact +71936 +72537 48 6 1
a contact +71936 +72537 6 48 1
a contact +106502 +106917 48 6 1
a contact +106502 +106917 6 48 1
a contact +112331 +113081 48 6 1
a contact +112331 +113081 6 48 1
a contact +118643 +118952 48 6 1
a contact +118643 +118952 6 48 1
a contact +150266 +150937 48 6 1
a contact +150266 +150937 6 48 1
a contact +156291 +157002 48 6 1
a contact +156291 +157002 6 48 1
a contact +196738 +197470 48 6 1
a contact +196738 +197470 6 48 1
a contact +202880 +203452 48 6 1
a contact +202880 +203452 6 48 1
a contact +234717 +235234 48 6 1
a contact +234717 +235234 6 48 1
a contact +240669 +241429 48 6 1
a contact +240669 +241429 6 48 1
a contact +246939 +247116 48 6 1
a contact +246939 +247116 6 48 1
a contact +281179 +281839 48 6 1
a contact +281179 +281839 6 48 1
a contact +287198 +287889 48 6 1
a contact +287198 +287889 6 48 1
a contact +319330 +319350 48 6 1
a contact +319330 +319350 6 48 1
a contact +325063 +325823 48 6 1
a contact +325063 +325823 6 48 1
a contact +331186 +331714 48 6 1
a contact +331186 +331714 6 48 1
a contact +365665 +366179 48 6 1
a contact +365665 +366179 6 48 1
a contact +371558 +372302 48 6 1
a contact +371558 +372302 6 48 1
a contact +409475 +410184 48 6 1
a contact +409475 +410184 6 48 1
a contact +415527 +416201 48 6 1
a contact +415527 +416201 6 48 1
a contact +450273 +450416 48 6 1
a contact +450273 +450416 6 48 1
a contact +455952 +456697 48 6 1
a contact +455952 +456697 6 48 1
a contact +462152 +462644 48 6 1
a contact +462152 +462644 6 48 1
a contact +493911 +494504 48 6 1
a contact +493911 +494504 6 48 1
a contact +499896 +500642 48 6 1
a contact +499896 +500642 6 48 1
a contact +540378 +541075 48 6 1
a contact +540378 +541075 6 48 1
a contact +546446 +547098 48 6 1
a contact +546446 +547098 6 48 1
a contact +578402 +578750 48 6 1
a contact +578402 +578750 6 48 1
a contact +584284 +585050 48 6 1
a contact +584284 +585050 6 48 1
a contact +590447 +590878 48 6 1
a contact +590447 +590878 6 48 1
a contact +3456 +4109 48 8 1
a contact +3456 +4109 8 48 1
a contact +42154 +42901 48 8 1
a contact +42154 +42901 8 48 1
a contact +48345 +48740 48 8 1
a contact +48345 +48740 8 48 1
a contact +82026 +82302 48 8 1
a contact +82026 +82302 8 48 1
a contact +87810 +88544 48 8 1
a contact +87810 +88544 8 48 1
a contact +126596 +127246 48 8 1
a contact +126596 +127246 8 48 1
a contact +132627 +133271 48 8 1
a contact +132627 +133271 8 48 1
a contact +172207 +172942 48 8 1
a contact +172207 +172942 8 48 1
a contact +178498 +178736 48 8 1
a contact +178498 +178736 8 48 1
a contact +211108 +211514 48 8 1
a contact +211108 +211514 8 48 1
a contact +216979 +217723 48 8 1
a contact +216979 +217723 8 48 1
a contact +256647 +257304 48 8 1
a contact +256647 +257304 8 48 1
a contact +262713 +263300 48 8 1
a contact +262713 +263300 8 48 1
a contact +301369 +302130 48 8 1
a contact +301369 +302130 8 48 1
a contact +307706 +307811 48 8 1
a contact +307706 +307811 8 48 1
a contact +341154 +341608 48 8 1
a contact +341154 +341608 8 48 1
a contact +347043 +347755 48 8 1
a contact +347043 +347755 8 48 1
a contact +385794 +386495 48 8 1
a contact +385794 +386495 8 48 1
a contact +391883 +392451 48 8 1
a contact +391883 +392451 8 48 1
a contact +431423 +432167 48 8 1
a contact +431423 +432167 8 48 1
a contact +470268 +470804 48 8 1
a contact +470268 +470804 8 48 1
a contact +476214 +476928 48 8 1
a contact +476214 +476928 8 48 1
a contact +515845 +516545 48 8 1
a contact +515845 +516545 8 48 1
a contact +521985 +522477 48 8 1
a contact +521985 +522477 8 48 1
a contact +560590 +561352 48 8 1
a contact +560590 +561352 8 48 1
a contact +600319 +600878 48 8 1
a contact +600319 +600878 8 48 1
a contact +32806 +33545 48 10 1
a contact +32806 +33545 10 48 1
a contact +38949 +39417 48 10 1
a contact +38949 +39417 10 48 1
a contact +73201 +73681 48 10 1
a contact +73201 +73681 10 48 1
a contact +79068 +79826 48 10 1
a contact +79068 +79826 10 48 1
a contact +117226 +117900 48 10 1
a contact +117226 +117900 10 48 1
a contact +123273 +123919 48 10 1
a contact +123273 +123919 10 48 1
a contact +163463 +164222 48 10 1
a contact +163463 +164222 10 48 1
a contact +169686 +170134 48 10 1
a contact +169686 +170134 10 48 1
a contact +201683 +202204 48 10 1
a contact +201683 +202204 10 48 1
a contact +207637 +208365 48 10 1
a contact +207637 +208365 10 48 1
a contact +247893 +248596 48 10 1
a contact +247893 +248596 10 48 1
a contact +253962 +254611 48 10 1
a contact +253962 +254611 10 48 1
a contact +292025 +292773 48 10 1
a contact +292025 +292773 10 48 1
a contact +298229 +298563 48 10 1
a contact +298229 +298563 10 48 1
a contact +332369 +332940 48 10 1
a contact +332369 +332940 10 48 1
a contact +338301 +339041 48 10 1
a contact +338301 +339041 10 48 1
a contact +376435 +377144 48 10 1
a contact +376435 +377144 10 48 1
a contact +382518 +383106 48 10 1
a contact +382518 +383106 10 48 1
a contact +416942 +417204 48 10 1
a contact +416942 +417204 10 48 1
a contact +422681 +423446 48 10 1
a contact +422681 +423446 10 48 1
a contact +429001 +429284 48 10 1
a contact +429001 +429284 10 48 1
a contact +460873 +461472 48 10 1
a contact +460873 +461472 10 48 1
a contact +466869 +467572 48 10 1
a contact +466869 +467572 10 48 1
a contact +507096 +507830 48 10 1
a contact +507096 +507830 10 48 1
a contact +513223 +513808 48 10 1
a contact +513223 +513808 10 48 1
a contact +545375 +545720 48 10 1
a contact +545375 +545720 10 48 1
a contact +551247 +551994 48 10 1
a contact +551247 +551994 10 48 1
a contact +591552 +592188 48 10 1
a contact +591552 +592188 10 48 1
a contact +597541 +598253 48 10 1
a contact +597541 +598253 10 48 1
