a contact +0 +604800 2 1 1
a contact +0 +604800 1 2 1
a contact +0 +604800 4 1 1
a contact +0 +604800 1 4 1
a contact +0 +604800 6 1 1
a contact +0 +604800 1 6 1
a contact +0 +604800 8 1 1
a contact +0 +604800 1 8 1
a contact +0 +604800 10 1 1
a contact +0 +604800 1 10 1
a contact +0 +604800 12 1 1
a contact +0 +604800 1 12 1
a contact +0 +604800 14 1 1
a contact +0 +604800 1 14 1
a contact +0 +604800 16 1 1
a contact +0 +604800 1 16 1
a contact +0 +604800 18 1 1
a contact +0 +604800 1 18 1
a contact +0 +604800 20 1 1
a contact +0 +604800 1 20 1
a contact +0 +604800 44 45 1
a contact +0 +604800 45 44 1
a contact +4069 +4733 44 2 1
a contact +4069 +4733 2 44 1
a contact +10158 +10895 44 2 1
a contact +10158 +10895 2 44 1
a contact +16221 +16983 44 2 1
a contact +16221 +16983 2 44 1
a contact +22270 +22976 44 2 1
a contact +22270 +22976 2 44 1
a contact +28310 +28875 44 2 1
a contact +28310 +28875 2 44 1
a contact +34334 +34702 44 2 1
a contact +34334 +34702 2 44 1
a contact +40298 +40538 44 2 1
a contact +40298 +40538 2 44 1
a contact +46130 +46505 44 2 1
a contact +46130 +46505 2 44 1
a contact +51956 +52530 44 2 1
a contact +51956 +52530 2 44 1
a contact +57856 +58570 44 2 1
a contact +57856 +58570 2 44 1
a contact +63851 +64619 44 2 1
a contact +63851 +64619 2 44 1
a contact +69940 +70682 44 2 1
a contact +69940 +70682 2 44 1
a contact +76104 +76770 44 2 1
a contact +76104 +76770 2 44 1
a contact +82292 +82903 44 2 1
a contact +82292 +82903 2 44 1
a contact +88442 +89083 44 2 1
a contact +88442 +89083 2 44 1
a contact +94541 +95259 44 2 1
a contact +94541 +95259 2 44 1
a contact +100610 +101373 44 2 1
a contact +100610 +101373 2 44 1
a contact +106663 +107394 44 2 1
a contact +106663 +107394 2 44 1
a contact +112705 +113320 44 2 1
a contact +112705 +113320 2 44 1
a contact +118736 +119163 44 2 1
a contact +118736 +119163 2 44 1
a contact +124728 +124981 44 2 1
a contact +124728 +124981 2 44 1
a contact +130592 +130910 44 2 1
a contact +130592 +130910 2 44 1
a contact +136407 +136926 44 2 1
a contact +136407 +136926 2 44 1
a contact +142282 +142963 44 2 1
a contact +142282 +142963 2 44 1
a contact +148248 +149009 44 2 1
a contact +148248 +149009 2 44 1
a contact +154311 +155067 44 2 1
a contact +154311 +155067 2 44 1
a contact +160457 +161146 44 2 1
a contact +160457 +161146 2 44 1
a contact +166645 +167265 44 2 1
a contact +166645 +167265 2 44 1
a contact +172809 +173434 44 2 1
a contact +172809 +173434 2 44 1
a contact +178922 +179618 44 2 1
a contact +178922 +179618 2 44 1
a contact +184998 +185754 44 2 1
a contact +184998 +185754 2 44 1
a contact +191054 +191804 44 2 1
a contact +191054 +191804 2 44 1
a contact +197100 +197757 44 2 1
a contact +197100 +197757 2 44 1
a contact +203135 +203622 44 2 1
a contact +203135 +203622 2 44 1
a contact +209145 +209436 44 2 1
a contact +209145 +209436 2 44 1
a contact +215051 +215322 44 2 1
a contact +215051 +215322 2 44 1
a contact +220864 +221324 44 2 1
a contact +220864 +221324 2 44 1
a contact +226716 +227357 44 2 1
a contact +226716 +227357 2 44 1
a contact +232654 +233401 44 2 1
a contact +232654 +233401 2 44 1
a contact +238689 +239455 44 2 1
a contact +238689 +239455 2 44 1
a contact +244813 +245526 44 2 1
a contact +244813 +245526 2 44 1
a contact +250995 +251631 44 2 1
a contact +250995 +251631 2 44 1
a contact +257172 +257786 44 2 1
a contact +257172 +257786 2 44 1
a contact +263300 +263973 44 2 1
a contact +263300 +263973 2 44 1
a contact +269384 +270128 44 2 1
a contact +269384 +270128 2 44 1
a contact +275445 +276205 44 2 1
a contact +275445 +276205 2 44 1
a contact +281493 +282187 44 2 1
a contact +281493 +282187 2 44 1
a contact +287532 +288075 44 2 1
a contact +287532 +288075 2 44 1
a contact +293553 +293897 44 2 1
a contact +293553 +293897 2 44 1
a contact +299501 +299745 44 2 1
a contact +299501 +299745 2 44 1
a contact +305325 +305724 44 2 1
a contact +305325 +305724 2 44 1
a contact +311158 +311752 44 2 1
a contact +311158 +311752 2 44 1
a contact +317068 +317793 44 2 1
a contact +317068 +317793 2 44 1
a contact +323075 +323844 44 2 1
a contact +323075 +323844 2 44 1
a contact +329175 +329909 44 2 1
a contact +329175 +329909 2 44 1
a contact +335345 +336001 44 2 1
a contact +335345 +336001 2 44 1
a contact +341531 +342141 44 2 1
a contact +341531 +342141 2 44 1
a contact +347674 +348324 44 2 1
a contact +347674 +348324 2 44 1
a contact +353769 +354495 44 2 1
a contact +353769 +354495 2 44 1
a contact +359835 +360598 44 2 1
a contact +359835 +360598 2 44 1
a contact +365886 +366608 44 2 1
a contact +365886 +366608 2 44 1
a contact +371928 +372523 44 2 1
a contact +371928 +372523 2 44 1
a contact +377956 +378359 44 2 1
a contact +377956 +378359 2 44 1
a contact +383937 +384182 44 2 1
a contact +383937 +384182 2 44 1
a contact +389787 +390127 44 2 1
a contact +389787 +390127 2 44 1
a contact +395606 +396148 44 2 1
a contact +395606 +396148 2 44 1
a contact +401491 +402186 44 2 1
a contact +401491 +402186 2 44 1
a contact +407469 +408233 44 2 1
a contact +407469 +408233 2 44 1
a contact +413542 +414294 44 2 1
a contact +413542 +414294 2 44 1
a contact +419696 +420376 44 2 1
a contact +419696 +420376 2 44 1
a contact +425885 +426500 44 2 1
a contact +425885 +426500 2 44 1
a contact +432044 +432675 44 2 1
a contact +432044 +432675 2 44 1
a contact +438151 +438856 44 2 1
a contact +438151 +438856 2 44 1
a contact +444224 +444983 44 2 1
a contact +444224 +444983 2 44 1
a contact +450278 +451021 44 2 1
a contact +450278 +451021 2 44 1
a contact +456322 +456963 44 2 1
a contact +456322 +456963 2 44 1
a contact +462356 +462819 44 2 1
a contact +462356 +462819 2 44 1
a contact +468359 +468633 44 2 1
a contact +468359 +468633 2 44 1
a contact +474248 +474536 44 2 1
a contact +474248 +474536 2 44 1
a contact +480060 +480545 44 2 1
a contact +480060 +480545 2 44 1
a contact +485921 +486580 44 2 1
a contact +485921 +486580 2 44 1
a contact +491871 +492624 44 2 1
a contact +491871 +492624 2 44 1
a contact +497917 +498680 44 2 1
a contact +497917 +498680 2 44 1
a contact +504051 +504755 44 2 1
a contact +504051 +504755 2 44 1
a contact +510236 +510864 44 2 1
a contact +510236 +510864 2 44 1
a contact +516409 +517026 44 2 1
a contact +516409 +517026 2 44 1
a contact +522530 +523212 44 2 1
a contact +522530 +523212 2 44 1
a contact +528611 +529360 44 2 1
a contact +528611 +529360 2 44 1
a contact +534670 +535426 44 2 1
a contact +534670 +535426 2 44 1
a contact +540716 +541396 44 2 1
a contact +540716 +541396 2 44 1
a contact +546753 +547274 44 2 1
a contact +546753 +547274 2 44 1
a contact +552771 +553092 44 2 1
a contact +552771 +553092 2 44 1
a contact +558702 +558954 44 2 1
a contact +558702 +558954 2 44 1
a contact +564520 +564944 44 2 1
a contact +564520 +564944 2 44 1
a contact +570360 +570974 44 2 1
a contact +570360 +570974 2 44 1
a contact +576282 +577016 44 2 1
a contact +576282 +577016 2 44 1
a contact +582300 +583068 44 2 1
a contact +582300 +583068 2 44 1
a contact +588410 +589136 44 2 1
a contact +588410 +589136 2 44 1
a contact +594586 +595233 44 2 1
a contact +594586 +595233 2 44 1
a contact +600769 +601379 44 2 1
a contact +600769 +601379 2 44 1
a contact +15500 +15771 44 4 1
a contact +15500 +15771 4 44 1
a contact +21230 +21981 44 4 1
a contact +21230 +21981 4 44 1
a contact +27347 +27995 44 4 1
a contact +27347 +27995 4 44 1
a contact +58888 +59477 44 4 1
a contact +58888 +59477 4 44 1
a contact +64885 +65633 44 4 1
a contact +64885 +65633 4 44 1
a contact +71053 +71428 44 4 1
a contact +71053 +71428 4 44 1
a contact +105662 +106358 44 4 1
a contact +105662 +106358 4 44 1
a contact +111684 +112412 44 4 1
a contact +111684 +112412 4 44 1
a contact +143344 +143748 44 4 1
a contact +143344 +143748 4 44 1
a contact +149277 +150028 44 4 1
a contact +149277 +150028 4 44 1
a contact +155376 +155947 44 4 1
a contact +155376 +155947 4 44 1
a contact +190127 +190719 44 4 1
a contact +190127 +190719 4 44 1
a contact +196051 +196815 44 4 1
a contact +196051 +196815 4 44 1
a contact +202334 +202748 44 4 1
a contact +202334 +202748 4 44 1
a contact +233680 +234396 44 4 1
a contact +233680 +234396 4 44 1
a contact +239736 +240414 44 4 1
a contact +239736 +240414 4 44 1
a contact +274641 +275047 44 4 1
a contact +274641 +275047 4 44 1
a contact +280445 +281207 44 4 1
a contact +280445 +281207 4 44 1
a contact +286604 +287204 44 4 1
a contact +286604 +287204 4 44 1
a contact +318096 +318734 44 4 1
a contact +318096 +318734 4 44 1
a contact +324112 +324848 44 4 1
a contact +324112 +324848 4 44 1
a contact +330338 +330560 44 4 1
a contact +330338 +330560 4 44 1
a contact +364866 +365589 44 4 1
a contact +364866 +365589 4 44 1
a contact +370926 +371627 44 4 1
a contact +370926 +371627 4 44 1
a contact +402535 +403031 44 4 1
a contact +402535 +403031 4 44 1
a contact +408500 +409254 44 4 1
a contact +408500 +409254 4 44 1
a contact +414622 +415127 44 4 1
a contact +414622 +415127 4 44 1
a contact +449316 +449958 44 4 1
a contact +449316 +449958 4 44 1
a contact +455281 +456035 44 4 1
a contact +455281 +456035 4 44 1
a contact +461640 +461920 44 4 1
a contact +461640 +461920 4 44 1
a contact +487052 +487228 44 4 1
a contact +487052 +487228 4 44 1
a contact +492898 +493633 44 4 1
a contact +492898 +493633 4 44 1
a contact +498970 +499611 44 4 1
a contact +498970 +499611 4 44 1
a contact +533806 +534303 44 4 1
a contact +533806 +534303 4 44 1
a contact +539665 +540432 44 4 1
a contact +539665 +540432 4 44 1
a contact +545870 +546407 44 4 1
a contact +545870 +546407 4 44 1
a contact +577308 +577984 44 4 1
a contact +577308 +577984 4 44 1
a contact +583340 +584058 44 4 1
a contact +583340 +584058 4 44 1
a contact +24110 +24834 44 6 1
a contact +24110 +24834 6 44 1
a contact +30230 +30829 44 6 1
a contact +30230 +30829 6 44 1
a contact +62100 +62576 44 6 1
a contact +62100 +62576 6 44 1
a contact +68034 +68798 44 6 1
a contact +68034 +68798 6 44 1
a contact +74259 +74541 44 6 1
a contact +74259 +74541 6 44 1
a contact +108558 +109199 44 6 1
a contact +108558 +109199 6 44 1
a contact +114556 +115261 44 6 1
a contact +114556 +115261 6 44 1
a contact +152432 +153187 44 6 1
a contact +152432 +153187 6 44 1
a contact +158540 +159101 44 6 1
a contact +158540 +159101 6 44 1
a contact +193055 +193532 44 6 1
a contact +193055 +193532 6 44 1
a contact +198922 +199670 44 6 1
a contact +198922 +199670 6 44 1
a contact +205312 +205478 44 6 1
a contact +205312 +205478 6 44 1
a contact +236847 +237542 44 6 1
a contact +236847 +237542 6 44 1
a contact +242888 +243578 44 6 1
a contact +242888 +243578 6 44 1
a contact +283322 +284062 44 6 1
a contact +283322 +284062 6 44 1
a contact +289497 +290025 44 6 1
a contact +289497 +290025 6 44 1
a contact +321289 +321853 44 6 1
a contact +321289 +321853 6 44 1
a contact +327261 +328014 44 6 1
a contact +327261 +328014 6 44 1
a contact +367754 +368437 44 6 1
a contact +367754 +368437 6 44 1
a contact +373801 +374471 44 6 1
a contact +373801 +374471 6 44 1
a contact +405803 +406072 44 6 1
a contact +405803 +406072 6 44 1
a contact +411651 +412416 44 6 1
a contact +411651 +412416 6 44 1
a contact +417796 +418272 44 6 1
a contact +417796 +418272 6 44 1
a contact +452227 +452786 44 6 1
a contact +452227 +452786 6 44 1
a contact +458153 +458889 44 6 1
a contact +458153 +458889 6 44 1
a contact +496059 +496785 44 6 1
a contact +496059 +496785 6 44 1
a contact +502126 +502773 44 6 1
a contact +502126 +502773 6 44 1
a contact +536780 +537073 44 6 1
a contact +536780 +537073 6 44 1
a contact +542538 +543288 44 6 1
a contact +542538 +543288 6 44 1
a contact +548779 +549209 44 6 1
a contact +548779 +549209 6 44 1
a contact +580487 +581117 44 6 1
a contact +580487 +581117 6 44 1
a contact +586490 +587224 44 6 1
a contact +586490 +587224 6 44 1
a contact +0 +306 44 8 1
a contact +0 +306 8 44 1
a contact +5813 +6153 44 8 1
a contact +5813 +6153 8 44 1
a contact +38514 +38840 44 8 1
a contact +38514 +38840 8 44 1
a contact +44343 +45095 44 8 1
a contact +44343 +45095 8 44 1
a contact +84028 +84661 44 8 1
a contact +84028 +84661 8 44 1
a contact +90064 +90682 44 8 1
a contact +90064 +90682 8 44 1
a contact +128739 +129495 44 8 1
a contact +128739 +129495 8 44 1
a contact +134992 +135265 44 8 1
a contact +134992 +135265 8 44 1
a contact +168554 +168947 44 8 1
a contact +168554 +168947 8 44 1
a contact +174405 +175128 44 8 1
a contact +174405 +175128 8 44 1
a contact +213170 +213853 44 8 1
a contact +213170 +213853 8 44 1
a contact +219235 +219837 44 8 1
a contact +219235 +219837 8 44 1
a contact +258792 +259534 44 8 1
a contact +258792 +259534 8 44 1
a contact +297658 +298147 44 8 1
a contact +297658 +298147 8 44 1
a contact +303575 +304303 44 8 1
a contact +303575 +304303 8 44 1
a contact +343221 +343905 44 8 1
a contact +343221 +343905 8 44 1
a contact +349329 +349865 44 8 1
a contact +349329 +349865 8 44 1
a contact +387957 +388720 44 8 1
a contact +387957 +388720 8 44 1
a contact +427707 +428228 44 8 1
a contact +427707 +428228 8 44 1
a contact +433643 +434335 44 8 1
a contact +433643 +434335 8 44 1
a contact +472372 +473096 44 8 1
a contact +472372 +473096 8 44 1
a contact +478499 +479008 44 8 1
a contact +478499 +479008 8 44 1
a contact +518013 +518756 44 8 1
a contact +518013 +518756 8 44 1
a contact +556832 +557422 44 8 1
a contact +556832 +557422 8 44 1
a contact +562814 +563503 44 8 1
a contact +562814 +563503 8 44 1
a contact +602424 +603142 44 8 1
a contact +602424 +603142 8 44 1
a contact +29067 +29547 44 10 1
a contact +29067 +29547 10 44 1
a contact +35001 +35737 44 10 1
a contact +35001 +35737 10 44 1
a contact +75271 +75957 44 10 1
a contact +75271 +75957 10 44 1
a contact +81316 +81987 44 10 1
a contact +81316 +81987 10 44 1
a contact +119393 +120138 44 10 1
a contact +119393 +120138 10 44 1
a contact +125568 +125966 44 10 1
a contact +125568 +125966 10 44 1
a contact +159757 +160293 44 10 1
a contact +159757 +160293 10 44 1
a contact +165663 +166412 44 10 1
a contact +165663 +166412 10 44 1
a contact +203807 +204503 44 10 1
a contact +203807 +204503 10 44 1
a contact +209874 +210489 44 10 1
a contact +209874 +210489 10 44 1
a contact +244383 +244507 44 10 1
a contact +244383 +244507 10 44 1
a contact +250049 +250813 44 10 1
a contact +250049 +250813 10 44 1
a contact +256323 +256687 44 10 1
a contact +256323 +256687 10 44 1
a contact +288252 +288822 44 10 1
a contact +288252 +288822 10 44 1
a contact +294231 +294946 44 10 1
a contact +294231 +294946 10 44 1
a contact +334471 +335193 44 10 1
a contact +334471 +335193 10 44 1
a contact +340573 +341187 44 10 1
a contact +340573 +341187 10 44 1
a contact +372781 +373040 44 10 1
a contact +372781 +373040 10 44 1
a contact +378614 +379362 44 10 1
a contact +378614 +379362 10 44 1
a contact +384877 +385081 44 10 1
a contact +384877 +385081 10 44 1
a contact +418934 +419545 44 10 1
a contact +418934 +419545 10 44 1
a contact +424900 +425625 44 10 1
a contact +424900 +425625 10 44 1
a contact +463018 +463743 44 10 1
a contact +463018 +463743 10 44 1
a contact +469124 +469670 44 10 1
a contact +469124 +469670 10 44 1
a contact +503470 +503842 44 10 1
a contact +503470 +503842 10 44 1
a contact +509271 +510035 44 10 1
a contact +509271 +510035 10 44 1
a contact +515721 +515756 44 10 1
a contact +515721 +515756 10 44 1
a contact +547449 +548083 44 10 1
a contact +547449 +548083 10 44 1
a contact +553466 +554148 44 10 1
a contact +553466 +554148 10 44 1
a contact +593678 +594424 44 10 1
a contact +593678 +594424 10 44 1
a contact +599841 +600378 44 10 1
a contact +599841 +600378 10 44 1
a contact +5804 +6548 44 12 1
a contact +5804 +6548 12 44 1
a contact +12108 +12371 44 12 1
a contact +12108 +12371 12 44 1
a contact +44221 +44760 44 12 1
a contact +44221 +44760 12 44 1
a contact +50172 +50906 44 12 1
a contact +50172 +50906 12 44 1
a contact +90231 +90923 44 12 1
a contact +90231 +90923 12 44 1
a contact +96328 +96910 44 12 1
a contact +96328 +96910 12 44 1
a contact +134556 +135321 44 12 1
a contact +134556 +135321 12 44 1
a contact +140856 +141011 44 12 1
a contact +140856 +141011 12 44 1
a contact +174707 +175262 44 12 1
a contact +174707 +175262 12 44 1
a contact +180652 +181358 44 12 1
a contact +180652 +181358 12 44 1
a contact +218966 +219697 44 12 1
a contact +218966 +219697 12 44 1
a contact +225072 +225628 44 12 1
a contact +225072 +225628 12 44 1
a contact +259305 +259495 44 12 1
a contact +259305 +259495 12 44 1
a contact +265024 +265771 44 12 1
a contact +265024 +265771 12 44 1
a contact +303409 +304028 44 12 1
a contact +303409 +304028 12 44 1
a contact +309407 +310109 44 12 1
a contact +309407 +310109 12 44 1
a contact +349435 +350157 44 12 1
a contact +349435 +350157 12 44 1
a contact +355601 +356092 44 12 1
a contact +355601 +356092 12 44 1
a contact +387922 +388274 44 12 1
a contact +387922 +388274 12 44 1
a contact +393780 +394540 44 12 1
a contact +393780 +394540 12 44 1
a contact +433889 +434513 44 12 1
a contact +433889 +434513 12 44 1
a contact +439897 +440563 44 12 1
a contact +439897 +440563 12 44 1
a contact +478179 +478932 44 12 1
a contact +478179 +478932 12 44 1
a contact +484338 +484790 44 12 1
a contact +484338 +484790 12 44 1
a contact +518412 +518814 44 12 1
a contact +518412 +518814 12 44 1
a contact +524251 +524989 44 12 1
a contact +524251 +524989 12 44 1
a contact +562607 +563284 44 12 1
a contact +562607 +563284 12 44 1
a contact +568648 +569303 44 12 1
a contact +568648 +569303 12 44 1
a contact +1230 +1869 44 14 1
a contact +1230 +1869 14 44 1
a contact +7282 +8043 44 14 1
a contact +7282 +8043 14 44 1
a contact +13338 +14069 44 14 1
a contact +13338 +14069 14 44 1
a contact +19415 +19932 44 14 1
a contact +19415 +19932 14 44 1
a contact +43057 +43225 44 14 1
a contact +43057 +43225 14 44 1
a contact +48762 +49375 44 14 1
a contact +48762 +49375 14 44 1
a contact +54688 +55441 44 14 1
a contact +54688 +55441 14 44 1
a contact +60769 +61494 44 14 1
a contact +60769 +61494 14 44 1
a contact +66995 +67548 44 14 1
a contact +66995 +67548 14 44 1
a contact +73324 +73629 44 14 1
a contact +73324 +73629 14 44 1
a contact +79544 +79870 44 14 1
a contact +79544 +79870 14 44 1
a contact +85619 +86197 44 14 1
a contact +85619 +86197 14 44 1
a contact +91673 +92413 44 14 1
a contact +91673 +92413 14 44 1
a contact +97727 +98483 44 14 1
a contact +97727 +98483 14 44 1
a contact +103794 +104397 44 14 1
a contact +103794 +104397 14 44 1
a contact +109975 +110060 44 14 1
a contact +109975 +110060 14 44 1
a contact +133223 +133755 44 14 1
a contact +133223 +133755 14 44 1
a contact +139099 +139829 44 14 1
a contact +139099 +139829 14 44 1
a contact +145136 +145885 44 14 1
a contact +145136 +145885 14 44 1
a contact +151321 +151938 44 14 1
a contact +151321 +151938 14 44 1
a contact +157630 +158004 44 14 1
a contact +157630 +158004 14 44 1
a contact +163911 +164182 44 14 1
a contact +163911 +164182 14 44 1
a contact +170008 +170515 44 14 1
a contact +170008 +170515 14 44 1
a contact +176064 +176771 44 14 1
a contact +176064 +176771 14 44 1
a contact +182116 +182884 44 14 1
a contact +182116 +182884 14 44 1
a contact +188177 +188845 44 14 1
a contact +188177 +188845 14 44 1
a contact +194282 +194624 44 14 1
a contact +194282 +194624 14 44 1
a contact +217702 +218128 44 14 1
a contact +217702 +218128 14 44 1
a contact +223524 +224217 44 14 1
a contact +223524 +224217 14 44 1
a contact +229515 +230275 44 14 1
a contact +229515 +230275 14 44 1
a contact +235658 +236328 44 14 1
a contact +235658 +236328 14 44 1
a contact +241937 +242387 44 14 1
a contact +241937 +242387 14 44 1
a contact +248257 +248511 44 14 1
a contact +248257 +248511 14 44 1
a contact +254394 +254824 44 14 1
a contact +254394 +254824 14 44 1
a contact +260454 +261115 44 14 1
a contact +260454 +261115 14 44 1
a contact +266506 +267272 44 14 1
a contact +266506 +267272 14 44 1
a contact +272564 +273279 44 14 1
a contact +272564 +273279 14 44 1
a contact +278646 +279120 44 14 1
a contact +278646 +279120 14 44 1
a contact +302212 +302482 44 14 1
a contact +302212 +302482 14 44 1
a contact +307962 +308602 44 14 1
a contact +307962 +308602 14 44 1
a contact +313908 +314665 44 14 1
a contact +313908 +314665 14 44 1
a contact +320007 +320719 44 14 1
a contact +320007 +320719 14 44 1
a contact +326249 +326774 44 14 1
a contact +326249 +326774 14 44 1
a contact +332581 +332863 44 14 1
a contact +332581 +332863 14 44 1
a contact +338775 +339130 44 14 1
a contact +338775 +339130 14 44 1
a contact +344844 +345448 44 14 1
a contact +344844 +345448 14 44 1
a contact +350897 +351648 44 14 1
a contact +350897 +351648 14 44 1
a contact +356952 +357699 44 14 1
a contact +356952 +357699 14 44 1
a contact +363022 +363592 44 14 1
a contact +363022 +363592 14 44 1
a contact +392416 +392984 44 14 1
a contact +392416 +392984 14 44 1
a contact +398313 +399055 44 14 1
a contact +398313 +399055 14 44 1
a contact +404368 +405109 44 14 1
a contact +404368 +405109 14 44 1
a contact +410571 +411162 44 14 1
a contact +410571 +411162 14 44 1
a contact +416890 +417234 44 14 1
a contact +416890 +417234 14 44 1
a contact +423147 +423437 44 14 1
a contact +423147 +423437 14 44 1
a contact +429233 +429770 44 14 1
a contact +429233 +429770 14 44 1
a contact +435288 +436010 44 14 1
a contact +435288 +436010 14 44 1
a contact +441341 +442106 44 14 1
a contact +441341 +442106 14 44 1
a contact +447404 +448047 44 14 1
a contact +447404 +448047 14 44 1
a contact +453526 +453793 44 14 1
a contact +453526 +453793 14 44 1
a contact +476887 +477361 44 14 1
a contact +476887 +477361 14 44 1
a contact +482732 +483443 44 14 1
a contact +482732 +483443 14 44 1
a contact +488743 +489500 44 14 1
a contact +488743 +489500 14 44 1
a contact +494903 +495552 44 14 1
a contact +494903 +495552 14 44 1
a contact +501195 +501614 44 14 1
a contact +501195 +501614 14 44 1
a contact +507503 +507758 44 14 1
a contact +507503 +507758 14 44 1
a contact +513620 +514083 44 14 1
a contact +513620 +514083 14 44 1
a contact +519678 +520360 44 14 1
a contact +519678 +520360 14 44 1
a contact +525731 +526499 44 14 1
a contact +525731 +526499 14 44 1
a contact +531789 +532487 44 14 1
a contact +531789 +532487 14 44 1
a contact +537879 +538304 44 14 1
a contact +537879 +538304 14 44 1
a contact +561382 +561725 44 14 1
a contact +561382 +561725 14 44 1
a contact +567165 +567829 44 14 1
a contact +567165 +567829 14 44 1
a contact +573130 +573890 44 14 1
a contact +573130 +573890 14 44 1
a contact +579247 +579943 44 14 1
a contact +579247 +579943 14 44 1
a contact +585505 +585999 44 14 1
a contact +585505 +585999 14 44 1
a contact +591835 +592100 44 14 1
a contact +591835 +592100 14 44 1
a contact +598004 +598389 44 14 1
a contact +598004 +598389 14 44 1
a contact +604069 +604698 44 14 1
a contact +604069 +604698 14 44 1
a contact +10981 +11720 44 16 1
a contact +10981 +11720 16 44 1
a contact +17161 +17554 44 16 1
a contact +17161 +17554 16 44 1
a contact +51186 +51650 44 16 1
a contact +51186 +51650 16 44 1
a contact +57052 +57803 44 16 1
a contact +57052 +57803 16 44 1
a contact +95405 +96076 44 16 1
a contact +95405 +96076 16 44 1
a contact +101459 +102080 44 16 1
a contact +101459 +102080 16 44 1
a contact +141443 +142203 44 16 1
a contact +141443 +142203 16 44 1
a contact +147715 +148057 44 16 1
a contact +147715 +148057 16 44 1
a contact +179873 +180375 44 16 1
a contact +179873 +180375 16 44 1
a contact +185814 +186535 44 16 1
a contact +185814 +186535 16 44 1
a contact +225872 +226577 44 16 1
a contact +225872 +226577 16 44 1
a contact +231958 +232573 44 16 1
a contact +231958 +232573 16 44 1
a contact +270200 +270947 44 16 1
a contact +270200 +270947 16 44 1
a contact +276485 +276656 44 16 1
a contact +276485 +276656 16 44 1
a contact +310351 +310915 44 16 1
a contact +310351 +310915 16 44 1
a contact +316287 +317016 44 16 1
a contact +316287 +317016 16 44 1
a contact +354612 +355320 44 16 1
a contact +354612 +355320 16 44 1
a contact +360711 +361261 44 16 1
a contact +360711 +361261 16 44 1
a contact +394951 +395147 44 16 1
a contact +394951 +395147 16 44 1
a contact +400662 +401427 44 16 1
a contact +400662 +401427 16 44 1
a contact +439058 +439646 44 16 1
a contact +439058 +439646 16 44 1
a contact +445049 +445738 44 16 1
a contact +445049 +445738 16 44 1
a contact +485075 +485811 44 16 1
a contact +485075 +485811 16 44 1
a contact +491227 +491760 44 16 1
a contact +491227 +491760 16 44 1
a contact +523587 +523875 44 16 1
a contact +523587 +523875 16 44 1
a contact +529423 +530167 44 16 1
a contact +529423 +530167 16 44 1
a contact +569531 +570167 44 16 1
a contact +569531 +570167 16 44 1
a contact +575530 +576223 44 16 1
a contact +575530 +576223 16 44 1
a contact +8232 +8530 44 18 1
a contact +8232 +8530 18 44 1
a contact +14058 +14817 44 18 1
a contact +14058 +14817 18 44 1
a contact +54036 +54653 44 18 1
a contact +54036 +54653 18 44 1
a contact +60043 +60702 44 18 1
a contact +60043 +60702 18 44 1
a contact +98458 +99209 44 18 1
a contact +98458 +99209 18 44 1
a contact +104631 +105056 44 18 1
a contact +104631 +105056 18 44 1
a contact +138571 +138939 44 18 1
a contact +138571 +138939 18 44 1
a contact +144396 +145132 44 18 1
a contact +144396 +145132 18 44 1
a contact +182890 +183559 44 18 1
a contact +182890 +183559 18 44 1
a contact +188930 +189578 44 18 1
a contact +188930 +189578 18 44 1
a contact +228791 +229530 44 18 1
a contact +228791 +229530 18 44 1
a contact +235064 +235367 44 18 1
a contact +235064 +235367 18 44 1
a contact +267375 +267844 44 18 1
a contact +267375 +267844 18 44 1
a contact +273287 +274029 44 18 1
a contact +273287 +274029 18 44 1
a contact +313227 +313897 44 18 1
a contact +313227 +313897 18 44 1
a contact +319299 +319897 44 18 1
a contact +319299 +319897 18 44 1
a contact +357675 +358438 44 18 1
a contact +357675 +358438 18 44 1
a contact +363947 +364169 44 18 1
a contact +363947 +364169 18 44 1
a contact +397720 +398220 44 18 1
a contact +397720 +398220 18 44 1
a contact +403630 +404344 44 18 1
a contact +403630 +404344 18 44 1
a contact +442093 +442806 44 18 1
a contact +442093 +442806 18 44 1
a contact +448182 +448760 44 18 1
a contact +448182 +448760 18 44 1
a contact +488008 +488754 44 18 1
a contact +488008 +488754 18 44 1
a contact +526550 +527123 44 18 1
a contact +526550 +527123 18 44 1
a contact +532520 +533234 44 18 1
a contact +532520 +533234 18 44 1
a contact +572427 +573135 44 18 1
a contact +572427 +573135 18 44 1
a contact +578568 +579081 44 18 1
a contact +578568 +579081 18 44 1
a contact +1180 +1922 44 20 1
a contact +1180 +1922 20 44 1
a contact +7238 +8001 44 20 1
a contact +7238 +8001 20 44 1
a contact +13292 +13956 44 20 1
a contact +13292 +13956 20 44 1
a contact +19359 +19778 44 20 1
a contact +19359 +19778 20 44 1
a contact +37120 +37299 44 20 1
a contact +37120 +37299 20 44 1
a contact +42851 +43402 44 20 1
a contact +42851 +43402 20 44 1
a contact +48739 +49460 44 20 1
a contact +48739 +49460 20 44 1
a contact +54755 +55515 44 20 1
a contact +54755 +55515 20 44 1
a contact +60890 +61578 44 20 1
a contact +60890 +61578 20 44 1
a contact +67116 +67668 44 20 1
a contact +67116 +67668 20 44 1
a contact +73344 +73830 44 20 1
a contact +73344 +73830 20 44 1
a contact +79486 +80069 44 20 1
a contact +79486 +80069 20 44 1
a contact +85568 +86283 44 20 1
a contact +85568 +86283 20 44 1
a contact +91628 +92397 44 20 1
a contact +91628 +92397 20 44 1
a contact +97682 +98388 44 20 1
a contact +97682 +98388 20 44 1
a contact +103742 +104251 44 20 1
a contact +103742 +104251 20 44 1
a contact +127316 +127788 44 20 1
a contact +127316 +127788 20 44 1
a contact +133165 +133850 44 20 1
a contact +133165 +133850 20 44 1
a contact +139144 +139905 44 20 1
a contact +139144 +139905 20 44 1
a contact +145245 +145964 44 20 1
a contact +145245 +145964 20 44 1
a contact +151450 +152043 44 20 1
a contact +151450 +152043 20 44 1
a contact +157690 +158178 44 20 1
a contact +157690 +158178 20 44 1
a contact +163859 +164402 44 20 1
a contact +163859 +164402 20 44 1
a contact +169953 +170635 44 20 1
a contact +169953 +170635 20 44 1
a contact +176017 +176781 44 20 1
a contact +176017 +176781 20 44 1
a contact +182072 +182810 44 20 1
a contact +182072 +182810 20 44 1
a contact +188129 +188711 44 20 1
a contact +188129 +188711 20 44 1
a contact +194217 +194467 44 20 1
a contact +194217 +194467 20 44 1
a contact +211793 +212169 44 20 1
a contact +211793 +212169 20 44 1
a contact +217601 +218239 44 20 1
a contact +217601 +218239 20 44 1
a contact +223543 +224295 44 20 1
a contact +223543 +224295 20 44 1
a contact +229609 +230351 44 20 1
a contact +229609 +230351 20 44 1
a contact +235788 +236422 44 20 1
a contact +235788 +236422 20 44 1
a contact +242029 +242535 44 20 1
a contact +242029 +242535 20 44 1
a contact +248225 +248736 44 20 1
a contact +248225 +248736 20 44 1
a contact +254336 +254978 44 20 1
a contact +254336 +254978 20 44 1
a contact +260406 +261156 44 20 1
a contact +260406 +261156 20 44 1
a contact +266462 +267220 44 20 1
a contact +266462 +267220 20 44 1
a contact +272517 +273159 44 20 1
a contact +272517 +273159 20 44 1
a contact +278587 +278964 44 20 1
a contact +278587 +278964 20 44 1
a contact +296290 +296540 44 20 1
a contact +296290 +296540 20 44 1
a contact +302049 +302628 44 20 1
a contact +302049 +302628 20 44 1
a contact +307952 +308685 44 20 1
a contact +307952 +308685 20 44 1
a contact +313983 +314740 44 20 1
a contact +313983 +314740 20 44 1
a contact +320131 +320805 44 20 1
a contact +320131 +320805 20 44 1
a contact +326363 +326901 44 20 1
a contact +326363 +326901 20 44 1
a contact +332584 +333074 44 20 1
a contact +332584 +333074 20 44 1
a contact +338716 +339316 44 20 1
a contact +338716 +339316 20 44 1
a contact +344793 +345520 44 20 1
a contact +344793 +345520 20 44 1
a contact +350852 +351620 44 20 1
a contact +350852 +351620 20 44 1
a contact +356906 +357596 44 20 1
a contact +356906 +357596 20 44 1
a contact +362969 +363443 44 20 1
a contact +362969 +363443 20 44 1
a contact +386508 +387014 44 20 1
a contact +386508 +387014 20 44 1
a contact +392373 +393075 44 20 1
a contact +392373 +393075 20 44 1
a contact +398367 +399129 44 20 1
a contact +398367 +399129 20 44 1
a contact +404483 +405190 44 20 1
a contact +404483 +405190 20 44 1
a contact +410697 +411273 44 20 1
a contact +410697 +411273 20 44 1
a contact +416933 +417419 44 20 1
a contact +416933 +417419 20 44 1
a contact +423091 +423650 44 20 1
a contact +423091 +423650 20 44 1
a contact +429180 +429876 44 20 1
a contact +429180 +429876 20 44 1
a contact +435242 +436009 44 20 1
a contact +435242 +436009 20 44 1
a contact +441296 +442023 44 20 1
a contact +441296 +442023 20 44 1
a contact +447354 +447908 44 20 1
a contact +447354 +447908 20 44 1
a contact +453458 +453636 44 20 1
a contact +453458 +453636 20 44 1
a contact +470980 +471398 44 20 1
a contact +470980 +471398 20 44 1
a contact +476805 +477464 44 20 1
a contact +476805 +477464 20 44 1
a contact +482762 +483519 44 20 1
a contact +482762 +483519 20 44 1
a contact +488843 +489577 44 20 1
a contact +488843 +489577 20 44 1
a contact +495033 +495651 44 20 1
a contact +495033 +495651 20 44 1
a contact +501275 +501772 44 20 1
a contact +501275 +501772 20 44 1
a contact +507460 +507983 44 20 1
a contact +507460 +507983 20 44 1
a contact +513564 +514223 44 20 1
a contact +513564 +514223 20 44 1
a contact +519631 +520388 44 20 1
a contact +519631 +520388 20 44 1
a contact +525687 +526438 44 20 1
a contact +525687 +526438 20 44 1
a contact +531742 +532361 44 20 1
a contact +531742 +532361 20 44 1
a contact +537818 +538147 44 20 1
a contact +537818 +538147 20 44 1
a contact +555468 +555775 44 20 1
a contact +555468 +555775 20 44 1
a contact +561248 +561853 44 20 1
a contact +561248 +561853 20 44 1
a contact +567167 +567909 44 20 1
a contact +567167 +567909 20 44 1
a contact +573213 +573965 44 20 1
a contact +573213 +573965 20 44 1
a contact +579374 +580032 44 20 1
a contact +579374 +580032 20 44 1
a contact +585611 +586134 44 20 1
a contact +585611 +586134 20 44 1
a contact +591822 +592319 44 20 1
a contact +591822 +592319 20 44 1
a contact +597945 +598563 44 20 1
a contact +597945 +598563 20 44 1
a contact +604019 +604757 44 20 1
a contact +604019 +604757 20 44 1
a contact +3516 +4172 45 2 1
a contact +3516 +4172 2 45 1
a contact +9607 +10339 45 2 1
a contact +9607 +10339 2 45 1
a contact +15672 +16435 45 2 1
a contact +15672 +16435 2 45 1
a contact +21722 +22437 45 2 1
a contact +21722 +22437 2 45 1
a contact +27763 +28344 45 2 1
a contact +27763 +28344 2 45 1
a contact +33790 +34176 45 2 1
a contact +33790 +34176 2 45 1
a contact +39763 +40004 45 2 1
a contact +39763 +40004 2 45 1
a contact +45604 +45960 45 2 1
a contact +45604 +45960 2 45 1
a contact +51426 +51983 45 2 1
a contact +51426 +51983 2 45 1
a contact +57318 +58022 45 2 1
a contact +57318 +58022 2 45 1
a contact +63304 +64070 45 2 1
a contact +63304 +64070 2 45 1
a contact +69385 +70132 45 2 1
a contact +69385 +70132 2 45 1
a contact +75544 +76217 45 2 1
a contact +75544 +76217 2 45 1
a contact +81732 +82345 45 2 1
a contact +81732 +82345 2 45 1
a contact +87887 +88523 45 2 1
a contact +87887 +88523 2 45 1
a contact +93990 +94702 45 2 1
a contact +93990 +94702 2 45 1
a contact +100061 +100822 45 2 1
a contact +100061 +100822 2 45 1
a contact +106115 +106853 45 2 1
a contact +106115 +106853 2 45 1
a contact +112158 +112787 45 2 1
a contact +112158 +112787 2 45 1
a contact +118190 +118636 45 2 1
a contact +118190 +118636 2 45 1
a contact +124189 +124451 45 2 1
a contact +124189 +124451 2 45 1
a contact +130066 +130367 45 2 1
a contact +130066 +130367 2 45 1
a contact +135879 +136380 45 2 1
a contact +135879 +136380 2 45 1
a contact +141746 +142416 45 2 1
a contact +141746 +142416 2 45 1
a contact +147704 +148461 45 2 1
a contact +147704 +148461 2 45 1
a contact +153758 +154518 45 2 1
a contact +153758 +154518 2 45 1
a contact +159897 +160594 45 2 1
a contact +159897 +160594 2 45 1
a contact +166084 +166708 45 2 1
a contact +166084 +166708 2 45 1
a contact +172253 +172873 45 2 1
a contact +172253 +172873 2 45 1
a contact +178370 +179059 45 2 1
a contact +178370 +179059 2 45 1
a contact +184448 +185201 45 2 1
a contact +184448 +185201 2 45 1
a contact +190506 +191260 45 2 1
a contact +190506 +191260 2 45 1
a contact +196552 +197222 45 2 1
a contact +196552 +197222 2 45 1
a contact +202588 +203093 45 2 1
a contact +202588 +203093 2 45 1
a contact +208602 +208909 45 2 1
a contact +208602 +208909 2 45 1
a contact +214522 +214782 45 2 1
a contact +214522 +214782 2 45 1
a contact +220337 +220778 45 2 1
a contact +220337 +220778 2 45 1
a contact +226183 +226810 45 2 1
a contact +226183 +226810 2 45 1
a contact +232112 +232853 45 2 1
a contact +232112 +232853 2 45 1
a contact +238138 +238906 45 2 1
a contact +238138 +238906 2 45 1
a contact +244255 +244975 45 2 1
a contact +244255 +244975 2 45 1
a contact +250434 +251076 45 2 1
a contact +250434 +251076 2 45 1
a contact +256614 +257226 45 2 1
a contact +256614 +257226 2 45 1
a contact +262747 +263412 45 2 1
a contact +262747 +263412 2 45 1
a contact +268834 +269573 45 2 1
a contact +268834 +269573 2 45 1
a contact +274897 +275658 45 2 1
a contact +274897 +275658 2 45 1
a contact +280946 +281649 45 2 1
a contact +280946 +281649 2 45 1
a contact +286985 +287545 45 2 1
a contact +286985 +287545 2 45 1
a contact +293009 +293370 45 2 1
a contact +293009 +293370 2 45 1
a contact +298968 +299209 45 2 1
a contact +298968 +299209 2 45 1
a contact +304798 +305179 45 2 1
a contact +304798 +305179 2 45 1
a contact +310626 +311205 45 2 1
a contact +310626 +311205 2 45 1
a contact +316529 +317245 45 2 1
a contact +316529 +317245 2 45 1
a contact +322526 +323295 45 2 1
a contact +322526 +323295 2 45 1
a contact +328619 +329358 45 2 1
a contact +328619 +329358 2 45 1
a contact +334784 +335448 45 2 1
a contact +334784 +335448 2 45 1
a contact +340971 +341582 45 2 1
a contact +340971 +341582 2 45 1
a contact +347119 +347763 45 2 1
a contact +347119 +347763 2 45 1
a contact +353218 +353938 45 2 1
a contact +353218 +353938 2 45 1
a contact +359286 +360049 45 2 1
a contact +359286 +360049 2 45 1
a contact +365338 +366068 45 2 1
a contact +365338 +366068 2 45 1
a contact +371381 +371991 45 2 1
a contact +371381 +371991 2 45 1
a contact +377411 +377832 45 2 1
a contact +377411 +377832 2 45 1
a contact +383400 +383651 45 2 1
a contact +383400 +383651 2 45 1
a contact +389261 +389584 45 2 1
a contact +389261 +389584 2 45 1
a contact +395077 +395601 45 2 1
a contact +395077 +395601 2 45 1
a contact +400954 +401638 45 2 1
a contact +400954 +401638 2 45 1
a contact +406923 +407685 45 2 1
a contact +406923 +407685 2 45 1
a contact +412988 +413744 45 2 1
a contact +412988 +413744 2 45 1
a contact +419137 +419824 45 2 1
a contact +419137 +419824 2 45 1
a contact +425324 +425943 45 2 1
a contact +425324 +425943 2 45 1
a contact +431488 +432114 45 2 1
a contact +431488 +432114 2 45 1
a contact +437599 +438298 45 2 1
a contact +437599 +438298 2 45 1
a contact +443674 +444431 45 2 1
a contact +443674 +444431 2 45 1
a contact +449730 +450478 45 2 1
a contact +449730 +450478 2 45 1
a contact +455775 +456429 45 2 1
a contact +455775 +456429 2 45 1
a contact +461810 +462291 45 2 1
a contact +461810 +462291 2 45 1
a contact +467818 +468105 45 2 1
a contact +467818 +468105 2 45 1
a contact +473720 +473995 45 2 1
a contact +473720 +473995 2 45 1
a contact +479533 +479999 45 2 1
a contact +479533 +479999 2 45 1
a contact +485387 +486032 45 2 1
a contact +485387 +486032 2 45 1
a contact +491328 +492076 45 2 1
a contact +491328 +492076 2 45 1
a contact +497366 +498131 45 2 1
a contact +497366 +498131 2 45 1
a contact +503492 +504203 45 2 1
a contact +503492 +504203 2 45 1
a contact +509675 +510309 45 2 1
a contact +509675 +510309 2 45 1
a contact +515851 +516466 45 2 1
a contact +515851 +516466 2 45 1
a contact +521977 +522652 45 2 1
a contact +521977 +522652 2 45 1
a contact +528061 +528806 45 2 1
a contact +528061 +528806 2 45 1
a contact +534121 +534880 45 2 1
a contact +534121 +534880 2 45 1
a contact +540169 +540859 45 2 1
a contact +540169 +540859 2 45 1
a contact +546207 +546745 45 2 1
a contact +546207 +546745 2 45 1
a contact +552227 +552565 45 2 1
a contact +552227 +552565 2 45 1
a contact +558171 +558416 45 2 1
a contact +558171 +558416 2 45 1
a contact +563993 +564399 45 2 1
a contact +563993 +564399 2 45 1
a contact +569828 +570427 45 2 1
a contact +569828 +570427 2 45 1
a contact +575741 +576469 45 2 1
a contact +575741 +576469 2 45 1
a contact +581750 +582519 45 2 1
a contact +581750 +582519 2 45 1
a contact +587853 +588585 45 2 1
a contact +587853 +588585 2 45 1
a contact +594025 +594679 45 2 1
a contact +594025 +594679 2 45 1
a contact +600210 +600820 45 2 1
a contact +600210 +600820 2 45 1
a contact +20692 +21429 45 4 1
a contact +20692 +21429 4 45 1
a contact +26778 +27457 45 4 1
a contact +26778 +27457 4 45 1
a contact +58355 +58899 45 4 1
a contact +58355 +58899 4 45 1
a contact +64336 +65089 45 4 1
a contact +64336 +65089 4 45 1
a contact +70477 +70928 45 4 1
a contact +70477 +70928 4 45 1
a contact +105133 +105802 45 4 1
a contact +105133 +105802 4 45 1
a contact +111125 +111868 45 4 1
a contact +111125 +111868 4 45 1
a contact +117575 +117679 45 4 1
a contact +117575 +117679 4 45 1
a contact +142832 +143142 45 4 1
a contact +142832 +143142 4 45 1
a contact +148732 +149476 45 4 1
a contact +148732 +149476 4 45 1
a contact +154816 +155427 45 4 1
a contact +154816 +155427 4 45 1
a contact +189610 +190156 45 4 1
a contact +189610 +190156 4 45 1
a contact +195501 +196268 45 4 1
a contact +195501 +196268 4 45 1
a contact +201740 +202226 45 4 1
a contact +201740 +202226 4 45 1
a contact +233138 +233835 45 4 1
a contact +233138 +233835 4 45 1
a contact +239181 +239882 45 4 1
a contact +239181 +239882 4 45 1
a contact +274151 +274463 45 4 1
a contact +274151 +274463 4 45 1
a contact +279903 +280657 45 4 1
a contact +279903 +280657 4 45 1
a contact +286030 +286668 45 4 1
a contact +286030 +286668 4 45 1
a contact +317559 +318162 45 4 1
a contact +317559 +318162 4 45 1
a contact +323562 +324307 45 4 1
a contact +323562 +324307 4 45 1
a contact +329741 +330085 45 4 1
a contact +329741 +330085 4 45 1
a contact +364333 +365036 45 4 1
a contact +364333 +365036 4 45 1
a contact +370364 +371085 45 4 1
a contact +370364 +371085 4 45 1
a contact +402010 +402440 45 4 1
a contact +402010 +402440 4 45 1
a contact +407953 +408705 45 4 1
a contact +407953 +408705 4 45 1
a contact +414057 +414613 45 4 1
a contact +414057 +414613 4 45 1
a contact +448793 +449399 45 4 1
a contact +448793 +449399 4 45 1
a contact +454728 +455490 45 4 1
a contact +454728 +455490 4 45 1
a contact +461027 +461413 45 4 1
a contact +461027 +461413 4 45 1
a contact +492354 +493076 45 4 1
a contact +492354 +493076 4 45 1
a contact +498414 +499084 45 4 1
a contact +498414 +499084 4 45 1
a contact +533301 +533732 45 4 1
a contact +533301 +533732 4 45 1
a contact +539119 +539883 45 4 1
a contact +539119 +539883 4 45 1
a contact +545290 +545875 45 4 1
a contact +545290 +545875 4 45 1
a contact +576769 +577417 45 4 1
a contact +576769 +577417 4 45 1
a contact +582789 +583520 45 4 1
a contact +582789 +583520 4 45 1
a contact +589041 +589201 45 4 1
a contact +589041 +589201 4 45 1
a contact +23575 +24280 45 6 1
a contact +23575 +24280 6 45 1
a contact +29656 +30296 45 6 1
a contact +29656 +30296 6 45 1
a contact +61589 +61975 45 6 1
a contact +61589 +61975 6 45 1
a contact +67486 +68252 45 6 1
a contact +67486 +68252 6 45 1
a contact +73662 +74062 45 6 1
a contact +73662 +74062 6 45 1
a contact +108036 +108638 45 6 1
a contact +108036 +108638 6 45 1
a contact +113997 +114720 45 6 1
a contact +113997 +114720 6 45 1
a contact +151889 +152631 45 6 1
a contact +151889 +152631 6 45 1
a contact +157975 +158585 45 6 1
a contact +157975 +158585 6 45 1
a contact +192557 +192951 45 6 1
a contact +192557 +192951 6 45 1
a contact +198373 +199124 45 6 1
a contact +198373 +199124 6 45 1
a contact +204669 +205006 45 6 1
a contact +204669 +205006 6 45 1
a contact +236311 +236974 45 6 1
a contact +236311 +236974 6 45 1
a contact +242332 +243048 45 6 1
a contact +242332 +243048 6 45 1
a contact +282782 +283511 45 6 1
a contact +282782 +283511 6 45 1
a contact +288915 +289498 45 6 1
a contact +288915 +289498 6 45 1
a contact +320766 +321267 45 6 1
a contact +320766 +321267 6 45 1
a contact +326710 +327472 45 6 1
a contact +326710 +327472 6 45 1
a contact +332959 +333185 45 6 1
a contact +332959 +333185 6 45 1
a contact +367226 +367879 45 6 1
a contact +367226 +367879 6 45 1
a contact +373237 +373934 45 6 1
a contact +373237 +373934 6 45 1
a contact +411106 +411864 45 6 1
a contact +411106 +411864 6 45 1
a contact +417223 +417765 45 6 1
a contact +417223 +417765 6 45 1
a contact +451716 +452216 45 6 1
a contact +451716 +452216 6 45 1
a contact +457599 +458345 45 6 1
a contact +457599 +458345 6 45 1
a contact +495519 +496223 45 6 1
a contact +495519 +496223 6 45 1
a contact +501566 +502248 45 6 1
a contact +501566 +502248 6 45 1
a contact +536374 +536404 45 6 1
a contact +536374 +536404 6 45 1
a contact +541995 +542739 45 6 1
a contact +541995 +542739 6 45 1
a contact +548185 +548692 45 6 1
a contact +548185 +548692 6 45 1
a contact +579957 +580540 45 6 1
a contact +579957 +580540 6 45 1
a contact +585937 +586686 45 6 1
a contact +585937 +586686 6 45 1
a contact +5204 +5664 45 8 1
a contact +5204 +5664 8 45 1
a contact +43793 +44554 45 8 1
a contact +43793 +44554 8 45 1
a contact +83509 +84090 45 8 1
a contact +83509 +84090 8 45 1
a contact +89494 +90156 45 8 1
a contact +89494 +90156 8 45 1
a contact +128199 +128941 45 8 1
a contact +128199 +128941 8 45 1
a contact +134375 +134796 45 8 1
a contact +134375 +134796 8 45 1
a contact +168093 +168322 45 8 1
a contact +168093 +168322 8 45 1
a contact +173851 +174588 45 8 1
a contact +173851 +174588 8 45 1
a contact +212643 +213283 45 8 1
a contact +212643 +213283 8 45 1
a contact +218665 +219319 45 8 1
a contact +218665 +219319 8 45 1
a contact +258251 +258983 45 8 1
a contact +258251 +258983 8 45 1
a contact +264517 +264801 45 8 1
a contact +264517 +264801 8 45 1
a contact +297165 +297541 45 8 1
a contact +297165 +297541 8 45 1
a contact +303020 +303767 45 8 1
a contact +303020 +303767 8 45 1
a contact +342695 +343342 45 8 1
a contact +342695 +343342 8 45 1
a contact +348749 +349349 45 8 1
a contact +348749 +349349 8 45 1
a contact +387412 +388172 45 8 1
a contact +387412 +388172 8 45 1
a contact +393706 +393898 45 8 1
a contact +393706 +393898 8 45 1
a contact +427209 +427640 45 8 1
a contact +427209 +427640 8 45 1
a contact +433083 +433800 45 8 1
a contact +433083 +433800 8 45 1
a contact +471840 +472534 45 8 1
a contact +471840 +472534 8 45 1
a contact +477919 +478501 45 8 1
a contact +477919 +478501 8 45 1
a contact +517466 +518210 45 8 1
a contact +517466 +518210 8 45 1
a contact +556319 +556837 45 8 1
a contact +556319 +556837 8 45 1
a contact +562254 +562974 45 8 1
a contact +562254 +562974 8 45 1
a contact +601891 +602585 45 8 1
a contact +601891 +602585 8 45 1
a contact +28560 +28946 45 10 1
a contact +28560 +28946 10 45 1
a contact +34451 +35196 45 10 1
a contact +34451 +35196 10 45 1
a contact +74746 +75396 45 10 1
a contact +74746 +75396 10 45 1
a contact +80749 +81452 45 10 1
a contact +80749 +81452 10 45 1
a contact +118849 +119586 45 10 1
a contact +118849 +119586 10 45 1
a contact +124984 +125470 45 10 1
a contact +124984 +125470 10 45 1
a contact +159254 +159716 45 10 1
a contact +159254 +159716 10 45 1
a contact +165110 +165869 45 10 1
a contact +165110 +165869 10 45 1
a contact +203271 +203938 45 10 1
a contact +203271 +203938 10 45 1
a contact +209312 +209966 45 10 1
a contact +209312 +209966 10 45 1
a contact +249506 +250263 45 10 1
a contact +249506 +250263 10 45 1
a contact +255717 +256185 45 10 1
a contact +255717 +256185 10 45 1
a contact +287731 +288237 45 10 1
a contact +287731 +288237 10 45 1
a contact +293678 +294410 45 10 1
a contact +293678 +294410 10 45 1
a contact +333940 +334636 45 10 1
a contact +333940 +334636 10 45 1
a contact +339999 +340657 45 10 1
a contact +339999 +340657 10 45 1
a contact +378068 +378815 45 10 1
a contact +378068 +378815 10 45 1
a contact +384259 +384621 45 10 1
a contact +384259 +384621 10 45 1
a contact +418420 +418977 45 10 1
a contact +418420 +418977 10 45 1
a contact +424342 +425085 45 10 1
a contact +424342 +425085 10 45 1
a contact +462479 +463184 45 10 1
a contact +462479 +463184 10 45 1
a contact +468556 +469155 45 10 1
a contact +468556 +469155 10 45 1
a contact +503008 +503226 45 10 1
a contact +503008 +503226 10 45 1
a contact +508724 +509489 45 10 1
a contact +508724 +509489 10 45 1
a contact +515024 +515342 45 10 1
a contact +515024 +515342 10 45 1
a contact +546920 +547508 45 10 1
a contact +546920 +547508 10 45 1
a contact +552909 +553617 45 10 1
a contact +552909 +553617 10 45 1
a contact +593142 +593871 45 10 1
a contact +593142 +593871 10 45 1
a contact +599258 +599855 45 10 1
a contact +599258 +599855 10 45 1
a contact +5262 +5998 45 12 1
a contact +5262 +5998 12 45 1
a contact +11484 +11890 45 12 1
a contact +11484 +11890 12 45 1
a contact +43711 +44166 45 12 1
a contact +43711 +44166 12 45 1
a contact +49619 +50369 45 12 1
a contact +49619 +50369 12 45 1
a contact +89703 +90363 45 12 1
a contact +89703 +90363 12 45 1
a contact +95753 +96384 45 12 1
a contact +95753 +96384 12 45 1
a contact +134011 +134772 45 12 1
a contact +134011 +134772 12 45 1
a contact +140218 +140570 45 12 1
a contact +140218 +140570 12 45 1
a contact +174201 +174685 45 12 1
a contact +174201 +174685 12 45 1
a contact +180094 +180819 45 12 1
a contact +180094 +180819 12 45 1
a contact +218430 +219136 45 12 1
a contact +218430 +219136 12 45 1
a contact +224501 +225114 45 12 1
a contact +224501 +225114 12 45 1
a contact +264478 +265224 45 12 1
a contact +264478 +265224 12 45 1
a contact +270824 +271010 45 12 1
a contact +270824 +271010 12 45 1
a contact +302887 +303448 45 12 1
a contact +302887 +303448 12 45 1
a contact +308850 +309577 45 12 1
a contact +308850 +309577 12 45 1
a contact +348901 +349602 45 12 1
a contact +348901 +349602 12 45 1
a contact +355015 +355576 45 12 1
a contact +355015 +355576 12 45 1
a contact +387476 +387613 45 12 1
a contact +387476 +387613 12 45 1
a contact +393232 +393996 45 12 1
a contact +393232 +393996 12 45 1
a contact +433371 +433946 45 12 1
a contact +433371 +433946 12 45 1
a contact +439332 +440029 45 12 1
a contact +439332 +440029 12 45 1
a contact +477639 +478376 45 12 1
a contact +477639 +478376 12 45 1
a contact +483756 +484290 45 12 1
a contact +483756 +484290 12 45 1
a contact +517941 +518204 45 12 1
a contact +517941 +518204 12 45 1
a contact +523700 +524445 45 12 1
a contact +523700 +524445 12 45 1
a contact +562077 +562713 45 12 1
a contact +562077 +562713 12 45 1
a contact +568087 +568778 45 12 1
a contact +568087 +568778 12 45 1
a contact +681 +1302 45 14 1
a contact +681 +1302 14 45 1
a contact +6734 +7490 45 14 1
a contact +6734 +7490 14 45 1
a contact +12789 +13529 45 14 1
a contact +12789 +13529 14 45 1
a contact +18862 +19408 45 14 1
a contact +18862 +19408 14 45 1
a contact +48234 +48824 45 14 1
a contact +48234 +48824 14 45 1
a contact +54145 +54892 45 14 1
a contact +54145 +54892 14 45 1
a contact +60212 +60946 45 14 1
a contact +60212 +60946 14 45 1
a contact +66426 +67000 45 14 1
a contact +66426 +67000 14 45 1
a contact +72750 +73075 45 14 1
a contact +72750 +73075 14 45 1
a contact +78990 +79296 45 14 1
a contact +78990 +79296 14 45 1
a contact +85070 +85627 45 14 1
a contact +85070 +85627 14 45 1
a contact +91125 +91856 45 14 1
a contact +91125 +91856 14 45 1
a contact +97178 +97939 45 14 1
a contact +97178 +97939 14 45 1
a contact +103243 +103868 45 14 1
a contact +103243 +103868 14 45 1
a contact +109382 +109585 45 14 1
a contact +109382 +109585 14 45 1
a contact +132700 +133202 45 14 1
a contact +132700 +133202 14 45 1
a contact +138560 +139280 45 14 1
a contact +138560 +139280 14 45 1
a contact +144583 +145337 45 14 1
a contact +144583 +145337 14 45 1
a contact +150755 +151389 45 14 1
a contact +150755 +151389 14 45 1
a contact +157056 +157453 45 14 1
a contact +157056 +157453 14 45 1
a contact +163351 +163612 45 14 1
a contact +163351 +163612 14 45 1
a contact +169458 +169942 45 14 1
a contact +169458 +169942 14 45 1
a contact +175515 +176209 45 14 1
a contact +175515 +176209 14 45 1
a contact +181568 +182337 45 14 1
a contact +181568 +182337 14 45 1
a contact +187627 +188312 45 14 1
a contact +187627 +188312 14 45 1
a contact +193723 +194111 45 14 1
a contact +193723 +194111 14 45 1
a contact +217187 +217571 45 14 1
a contact +217187 +217571 14 45 1
a contact +222989 +223667 45 14 1
a contact +222989 +223667 14 45 1
a contact +228966 +229727 45 14 1
a contact +228966 +229727 14 45 1
a contact +235095 +235779 45 14 1
a contact +235095 +235779 14 45 1
a contact +241364 +241837 45 14 1
a contact +241364 +241837 14 45 1
a contact +247690 +247948 45 14 1
a contact +247690 +247948 14 45 1
a contact +253843 +254250 45 14 1
a contact +253843 +254250 14 45 1
a contact +259906 +260550 45 14 1
a contact +259906 +260550 14 45 1
a contact +265958 +266721 45 14 1
a contact +265958 +266721 14 45 1
a contact +272014 +272741 45 14 1
a contact +272014 +272741 14 45 1
a contact +278092 +278599 45 14 1
a contact +278092 +278599 14 45 1
a contact +301713 +301912 45 14 1
a contact +301713 +301912 14 45 1
a contact +307432 +308052 45 14 1
a contact +307432 +308052 14 45 1
a contact +313363 +314117 45 14 1
a contact +313363 +314117 14 45 1
a contact +319448 +320170 45 14 1
a contact +319448 +320170 14 45 1
a contact +325678 +326225 45 14 1
a contact +325678 +326225 14 45 1
a contact +332008 +332307 45 14 1
a contact +332008 +332307 14 45 1
a contact +338222 +338555 45 14 1
a contact +338222 +338555 14 45 1
a contact +344295 +344880 45 14 1
a contact +344295 +344880 14 45 1
a contact +350349 +351092 45 14 1
a contact +350349 +351092 14 45 1
a contact +356403 +357157 45 14 1
a contact +356403 +357157 14 45 1
a contact +362471 +363065 45 14 1
a contact +362471 +363065 14 45 1
a contact +391891 +392432 45 14 1
a contact +391891 +392432 14 45 1
a contact +397772 +398506 45 14 1
a contact +397772 +398506 14 45 1
a contact +403814 +404561 45 14 1
a contact +403814 +404561 14 45 1
a contact +410003 +410614 45 14 1
a contact +410003 +410614 14 45 1
a contact +416315 +416681 45 14 1
a contact +416315 +416681 14 45 1
a contact +422590 +422865 45 14 1
a contact +422590 +422865 14 45 1
a contact +428684 +429198 45 14 1
a contact +428684 +429198 14 45 1
a contact +434739 +435451 45 14 1
a contact +434739 +435451 14 45 1
a contact +440792 +441560 45 14 1
a contact +440792 +441560 14 45 1
a contact +446854 +447516 45 14 1
a contact +446854 +447516 14 45 1
a contact +452962 +453287 45 14 1
a contact +452962 +453287 14 45 1
a contact +476368 +476806 45 14 1
a contact +476368 +476806 14 45 1
a contact +482195 +482893 45 14 1
a contact +482195 +482893 14 45 1
a contact +488192 +488951 45 14 1
a contact +488192 +488951 14 45 1
a contact +494339 +495004 45 14 1
a contact +494339 +495004 14 45 1
a contact +500621 +501063 45 14 1
a contact +500621 +501063 14 45 1
a contact +506939 +507192 45 14 1
a contact +506939 +507192 14 45 1
a contact +513070 +513509 45 14 1
a contact +513070 +513509 14 45 1
a contact +519130 +519797 45 14 1
a contact +519130 +519797 14 45 1
a contact +525182 +525949 45 14 1
a contact +525182 +525949 14 45 1
a contact +531240 +531951 45 14 1
a contact +531240 +531951 14 45 1
a contact +537324 +537786 45 14 1
a contact +537324 +537786 14 45 1
a contact +560873 +561163 45 14 1
a contact +560873 +561163 14 45 1
a contact +566633 +567279 45 14 1
a contact +566633 +567279 14 45 1
a contact +572583 +573341 45 14 1
a contact +572583 +573341 14 45 1
a contact +578686 +579394 45 14 1
a contact +578686 +579394 14 45 1
a contact +584933 +585450 45 14 1
a contact +584933 +585450 14 45 1
a contact +591264 +591542 45 14 1
a contact +591264 +591542 14 45 1
a contact +597452 +597814 45 14 1
a contact +597452 +597814 14 45 1
a contact +603520 +604131 45 14 1
a contact +603520 +604131 14 45 1
a contact +10440 +11166 45 16 1
a contact +10440 +11166 16 45 1
a contact +16573 +17060 45 16 1
a contact +16573 +17060 16 45 1
a contact +50700 +51056 45 16 1
a contact +50700 +51056 16 45 1
a contact +56499 +57260 45 16 1
a contact +56499 +57260 16 45 1
a contact +94875 +95507 45 16 1
a contact +94875 +95507 16 45 1
a contact +100896 +101557 45 16 1
a contact +100896 +101557 16 45 1
a contact +140902 +141652 45 16 1
a contact +140902 +141652 16 45 1
a contact +147104 +147562 45 16 1
a contact +147104 +147562 16 45 1
a contact +179367 +179777 45 16 1
a contact +179367 +179777 16 45 1
a contact +185262 +185997 45 16 1
a contact +185262 +185997 16 45 1
a contact +225345 +226017 45 16 1
a contact +225345 +226017 16 45 1
a contact +231384 +232045 45 16 1
a contact +231384 +232045 16 45 1
a contact +269655 +270397 45 16 1
a contact +269655 +270397 16 45 1
a contact +275854 +276207 45 16 1
a contact +275854 +276207 16 45 1
a contact +309845 +310338 45 16 1
a contact +309845 +310338 16 45 1
a contact +315730 +316477 45 16 1
a contact +315730 +316477 16 45 1
a contact +354076 +354758 45 16 1
a contact +354076 +354758 16 45 1
a contact +360141 +360746 45 16 1
a contact +360141 +360746 16 45 1
a contact +400117 +400879 45 16 1
a contact +400117 +400879 16 45 1
a contact +406420 +406707 45 16 1
a contact +406420 +406707 16 45 1
a contact +438538 +439064 45 16 1
a contact +438538 +439064 16 45 1
a contact +444492 +445206 45 16 1
a contact +444492 +445206 16 45 1
a contact +484542 +485256 45 16 1
a contact +484542 +485256 16 45 1
a contact +490643 +491240 45 16 1
a contact +490643 +491240 16 45 1
a contact +528875 +529622 45 16 1
a contact +528875 +529622 16 45 1
a contact +569015 +569599 45 16 1
a contact +569015 +569599 16 45 1
a contact +574967 +575688 45 16 1
a contact +574967 +575688 16 45 1
a contact +13510 +14273 45 18 1
a contact +13510 +14273 18 45 1
a contact +53520 +54083 45 18 1
a contact +53520 +54083 18 45 1
a contact +59478 +60170 45 18 1
a contact +59478 +60170 18 45 1
a contact +97919 +98653 45 18 1
a contact +97919 +98653 18 45 1
a contact +104044 +104560 45 18 1
a contact +104044 +104560 18 45 1
a contact +138118 +138310 45 18 1
a contact +138118 +138310 18 45 1
a contact +143845 +144588 45 18 1
a contact +143845 +144588 18 45 1
a contact +182363 +182987 45 18 1
a contact +182363 +182987 18 45 1
a contact +188367 +189054 45 18 1
a contact +188367 +189054 18 45 1
a contact +228252 +228978 45 18 1
a contact +228252 +228978 18 45 1
a contact +234447 +234880 45 18 1
a contact +234447 +234880 18 45 1
a contact +266882 +267234 45 18 1
a contact +266882 +267234 18 45 1
a contact +272734 +273491 45 18 1
a contact +272734 +273491 18 45 1
a contact +312703 +313334 45 18 1
a contact +312703 +313334 18 45 1
a contact +318726 +319371 45 18 1
a contact +318726 +319371 18 45 1
a contact +357132 +357887 45 18 1
a contact +357132 +357887 18 45 1
a contact +363324 +363710 45 18 1
a contact +363324 +363710 18 45 1
a contact +397225 +397632 45 18 1
a contact +397225 +397632 18 45 1
a contact +403073 +403805 45 18 1
a contact +403073 +403805 18 45 1
a contact +441560 +442242 45 18 1
a contact +441560 +442242 18 45 1
a contact +447612 +448244 45 18 1
a contact +447612 +448244 18 45 1
a contact +487464 +488206 45 18 1
a contact +487464 +488206 18 45 1
a contact +493773 +494011 45 18 1
a contact +493773 +494011 18 45 1
a contact +526037 +526535 45 18 1
a contact +526037 +526535 18 45 1
a contact +531964 +532701 45 18 1
a contact +531964 +532701 18 45 1
a contact +571896 +572577 45 18 1
a contact +571896 +572577 18 45 1
a contact +577984 +578564 45 18 1
a contact +577984 +578564 18 45 1
a contact +631 +1365 45 20 1
a contact +631 +1365 20 45 1
a contact +6689 +7455 45 20 1
a contact +6689 +7455 20 45 1
a contact +12744 +13421 45 20 1
a contact +12744 +13421 20 45 1
a contact +18808 +19256 45 20 1
a contact +18808 +19256 20 45 1
a contact +36625 +36727 45 20 1
a contact +36625 +36727 20 45 1
a contact +42324 +42853 45 20 1
a contact +42324 +42853 20 45 1
a contact +48201 +48912 45 20 1
a contact +48201 +48912 20 45 1
a contact +54205 +54966 45 20 1
a contact +54205 +54966 20 45 1
a contact +60330 +61028 45 20 1
a contact +60330 +61028 20 45 1
a contact +66549 +67114 45 20 1
a contact +66549 +67114 20 45 1
a contact +72783 +73267 45 20 1
a contact +72783 +73267 20 45 1
a contact +78933 +79503 45 20 1
a contact +78933 +79503 20 45 1
a contact +85018 +85723 45 20 1
a contact +85018 +85723 20 45 1
a contact +91079 +91847 45 20 1
a contact +91079 +91847 20 45 1
a contact +97133 +97851 45 20 1
a contact +97133 +97851 20 45 1
a contact +103192 +103725 45 20 1
a contact +103192 +103725 20 45 1
a contact +109315 +109426 45 20 1
a contact +109315 +109426 20 45 1
a contact +126793 +127237 45 20 1
a contact +126793 +127237 20 45 1
a contact +132629 +133301 45 20 1
a contact +132629 +133301 20 45 1
a contact +138597 +139356 45 20 1
a contact +138597 +139356 20 45 1
a contact +144687 +145414 45 20 1
a contact +144687 +145414 20 45 1
a contact +150885 +151491 45 20 1
a contact +150885 +151491 20 45 1
a contact +157126 +157618 45 20 1
a contact +157126 +157618 20 45 1
a contact +163304 +163836 45 20 1
a contact +163304 +163836 20 45 1
a contact +169402 +170072 45 20 1
a contact +169402 +170072 20 45 1
a contact +175468 +176229 45 20 1
a contact +175468 +176229 20 45 1
a contact +181523 +182269 45 20 1
a contact +181523 +182269 20 45 1
a contact +187579 +188182 45 20 1
a contact +187579 +188182 20 45 1
a contact +193660 +193954 45 20 1
a contact +193660 +193954 20 45 1
a contact +211275 +211616 45 20 1
a contact +211275 +211616 20 45 1
a contact +217069 +217691 45 20 1
a contact +217069 +217691 20 45 1
a contact +222999 +223746 45 20 1
a contact +222999 +223746 20 45 1
a contact +229055 +229802 45 20 1
a contact +229055 +229802 20 45 1
a contact +235224 +235871 45 20 1
a contact +235224 +235871 20 45 1
a contact +241463 +241978 45 20 1
a contact +241463 +241978 20 45 1
a contact +247668 +248171 45 20 1
a contact +247668 +248171 20 45 1
a contact +253785 +254414 45 20 1
a contact +253785 +254414 20 45 1
a contact +259857 +260600 45 20 1
a contact +259857 +260600 20 45 1
a contact +265914 +266676 45 20 1
a contact +265914 +266676 20 45 1
a contact +271968 +272627 45 20 1
a contact +271968 +272627 20 45 1
a contact +278036 +278444 45 20 1
a contact +278036 +278444 20 45 1
a contact +295781 +295980 45 20 1
a contact +295781 +295980 20 45 1
a contact +301520 +302078 45 20 1
a contact +301520 +302078 20 45 1
a contact +307412 +308136 45 20 1
a contact +307412 +308136 20 45 1
a contact +313432 +314191 45 20 1
a contact +313432 +314191 20 45 1
a contact +319570 +320254 45 20 1
a contact +319570 +320254 20 45 1
a contact +325797 +326346 45 20 1
a contact +325797 +326346 20 45 1
a contact +332024 +332510 45 20 1
a contact +332024 +332510 20 45 1
a contact +338163 +338751 45 20 1
a contact +338163 +338751 20 45 1
a contact +344244 +344962 45 20 1
a contact +344244 +344962 20 45 1
a contact +350303 +351072 45 20 1
a contact +350303 +351072 20 45 1
a contact +356358 +357060 45 20 1
a contact +356358 +357060 20 45 1
a contact +362418 +362919 45 20 1
a contact +362418 +362919 20 45 1
a contact +385983 +386464 45 20 1
a contact +385983 +386464 20 45 1
a contact +391836 +392526 45 20 1
a contact +391836 +392526 20 45 1
a contact +397819 +398581 45 20 1
a contact +397819 +398581 20 45 1
a contact +403924 +404640 45 20 1
a contact +403924 +404640 20 45 1
a contact +410131 +410720 45 20 1
a contact +410131 +410720 20 45 1
a contact +416371 +416858 45 20 1
a contact +416371 +416858 20 45 1
a contact +422537 +423084 45 20 1
a contact +422537 +423084 20 45 1
a contact +428629 +429315 45 20 1
a contact +428629 +429315 20 45 1
a contact +434693 +435458 45 20 1
a contact +434693 +435458 20 45 1
a contact +440748 +441483 45 20 1
a contact +440748 +441483 20 45 1
a contact +446805 +447380 45 20 1
a contact +446805 +447380 20 45 1
a contact +452896 +453130 45 20 1
a contact +452896 +453130 20 45 1
a contact +470460 +470846 45 20 1
a contact +470460 +470846 20 45 1
a contact +476272 +476915 45 20 1
a contact +476272 +476915 20 45 1
a contact +482217 +482971 45 20 1
a contact +482217 +482971 20 45 1
a contact +488287 +489027 45 20 1
a contact +488287 +489027 20 45 1
a contact +494469 +495099 45 20 1
a contact +494469 +495099 20 45 1
a contact +500710 +501214 45 20 1
a contact +500710 +501214 20 45 1
a contact +506904 +507418 45 20 1
a contact +506904 +507418 20 45 1
a contact +513013 +513659 45 20 1
a contact +513013 +513659 20 45 1
a contact +519082 +519834 45 20 1
a contact +519082 +519834 20 45 1
a contact +525138 +525895 45 20 1
a contact +525138 +525895 20 45 1
a contact +531193 +531830 45 20 1
a contact +531193 +531830 20 45 1
a contact +537265 +537630 45 20 1
a contact +537265 +537630 20 45 1
a contact +554954 +555219 45 20 1
a contact +554954 +555219 20 45 1
a contact +560718 +561304 45 20 1
a contact +560718 +561304 20 45 1
a contact +566626 +567361 45 20 1
a contact +566626 +567361 20 45 1
a contact +572660 +573416 45 20 1
a contact +572660 +573416 20 45 1
a contact +578812 +579481 45 20 1
a contact +578812 +579481 20 45 1
a contact +585045 +585579 45 20 1
a contact +585045 +585579 20 45 1
a contact +591263 +591755 45 20 1
a contact +591263 +591755 20 45 1
a contact +597393 +597998 45 20 1
a contact +597393 +597998 20 45 1
a contact +603470 +604199 45 20 1
a contact +603470 +604199 20 45 1
