a contact +0 +604800 3 2 1
a contact +0 +604800 2 3 1
a contact +0 +604800 5 4 1
a contact +0 +604800 4 5 1
a contact +0 +604800 2 1 1
a contact +0 +604800 1 2 1
a contact +0 +604800 4 1 1
a contact +0 +604800 1 4 1
a contact +0 +604800 44 45 1
a contact +0 +604800 45 44 1
a contact +0 +604800 45 46 1
a contact +0 +604800 46 45 1
a contact +0 +604800 46 47 1
a contact +0 +604800 47 46 1
a contact +0 +604800 47 48 1
a contact +0 +604800 48 47 1
a contact +0 +604800 48 49 1
a contact +0 +604800 49 48 1
a contact +0 +604800 49 50 1
a contact +0 +604800 50 49 1
a contact +0 +604800 50 51 1
a contact +0 +604800 51 50 1
a contact +0 +604800 51 52 1
a contact +0 +604800 52 51 1
a contact +0 +604800 52 53 1
a contact +0 +604800 53 52 1
a contact +3985 +4815 44 3 1
a contact +3985 +4815 3 44 1
a contact +10082 +10969 44 3 1
a contact +10082 +10969 3 44 1
a contact +16149 +17053 44 3 1
a contact +16149 +17053 3 44 1
a contact +22195 +23051 44 3 1
a contact +22195 +23051 3 44 1
a contact +28220 +28964 44 3 1
a contact +28220 +28964 3 44 1
a contact +34213 +34823 44 3 1
a contact +34213 +34823 3 44 1
a contact +40145 +40689 44 3 1
a contact +40145 +40689 3 44 1
a contact +46010 +46624 44 3 1
a contact +46010 +46624 3 44 1
a contact +51867 +52619 44 3 1
a contact +51867 +52619 3 44 1
a contact +57781 +58644 44 3 1
a contact +57781 +58644 3 44 1
a contact +63779 +64690 44 3 1
a contact +63779 +64690 3 44 1
a contact +69865 +70757 44 3 1
a contact +69865 +70757 3 44 1
a contact +76021 +76853 44 3 1
a contact +76021 +76853 3 44 1
a contact +82201 +82993 44 3 1
a contact +82201 +82993 3 44 1
a contact +88355 +89169 44 3 1
a contact +88355 +89169 3 44 1
a contact +94464 +95336 44 3 1
a contact +94464 +95336 3 44 1
a contact +100538 +101443 44 3 1
a contact +100538 +101443 3 44 1
a contact +106589 +107467 44 3 1
a contact +106589 +107467 3 44 1
a contact +112621 +113403 44 3 1
a contact +112621 +113403 3 44 1
a contact +118625 +119273 44 3 1
a contact +118625 +119273 3 44 1
a contact +124579 +125129 44 3 1
a contact +124579 +125129 3 44 1
a contact +130460 +131042 44 3 1
a contact +130460 +131042 3 44 1
a contact +136311 +137022 44 3 1
a contact +136311 +137022 3 44 1
a contact +142204 +143041 44 3 1
a contact +142204 +143041 3 44 1
a contact +148177 +149081 44 3 1
a contact +148177 +149081 3 44 1
a contact +154238 +155141 44 3 1
a contact +154238 +155141 3 44 1
a contact +160376 +161227 44 3 1
a contact +160376 +161227 3 44 1
a contact +166555 +167353 44 3 1
a contact +166555 +167353 3 44 1
a contact +172720 +173522 44 3 1
a contact +172720 +173522 3 44 1
a contact +178842 +179697 44 3 1
a contact +178842 +179697 3 44 1
a contact +184925 +185826 44 3 1
a contact +184925 +185826 3 44 1
a contact +190982 +191875 44 3 1
a contact +190982 +191875 3 44 1
a contact +197020 +197836 44 3 1
a contact +197020 +197836 3 44 1
a contact +203034 +203722 44 3 1
a contact +203034 +203722 3 44 1
a contact +209006 +209574 44 3 1
a contact +209006 +209574 3 44 1
a contact +214907 +215465 44 3 1
a contact +214907 +215465 3 44 1
a contact +220759 +221429 44 3 1
a contact +220759 +221429 3 44 1
a contact +226634 +227439 44 3 1
a contact +226634 +227439 3 44 1
a contact +232581 +233473 44 3 1
a contact +232581 +233473 3 44 1
a contact +238617 +239527 44 3 1
a contact +238617 +239527 3 44 1
a contact +244735 +245604 44 3 1
a contact +244735 +245604 3 44 1
a contact +250908 +251718 44 3 1
a contact +250908 +251718 3 44 1
a contact +257082 +257875 44 3 1
a contact +257082 +257875 3 44 1
a contact +263217 +264054 44 3 1
a contact +263217 +264054 3 44 1
a contact +269310 +270201 44 3 1
a contact +269310 +270201 3 44 1
a contact +275373 +276276 44 3 1
a contact +275373 +276276 3 44 1
a contact +281417 +282262 44 3 1
a contact +281417 +282262 3 44 1
a contact +287439 +288167 44 3 1
a contact +287439 +288167 3 44 1
a contact +293426 +294022 44 3 1
a contact +293426 +294022 3 44 1
a contact +299350 +299895 44 3 1
a contact +299350 +299895 3 44 1
a contact +305209 +305839 44 3 1
a contact +305209 +305839 3 44 1
a contact +311071 +311839 44 3 1
a contact +311071 +311839 3 44 1
a contact +316994 +317867 44 3 1
a contact +316994 +317867 3 44 1
a contact +323003 +323915 44 3 1
a contact +323003 +323915 3 44 1
a contact +329099 +329984 44 3 1
a contact +329099 +329984 3 44 1
a contact +335260 +336086 44 3 1
a contact +335260 +336086 3 44 1
a contact +341440 +342231 44 3 1
a contact +341440 +342231 3 44 1
a contact +347588 +348408 44 3 1
a contact +347588 +348408 3 44 1
a contact +353692 +354570 44 3 1
a contact +353692 +354570 3 44 1
a contact +359763 +360669 44 3 1
a contact +359763 +360669 3 44 1
a contact +365812 +366681 44 3 1
a contact +365812 +366681 3 44 1
a contact +371841 +372608 44 3 1
a contact +371841 +372608 3 44 1
a contact +377841 +378472 44 3 1
a contact +377841 +378472 3 44 1
a contact +383786 +384332 44 3 1
a contact +383786 +384332 3 44 1
a contact +389659 +390254 44 3 1
a contact +389659 +390254 3 44 1
a contact +395513 +396241 44 3 1
a contact +395513 +396241 3 44 1
a contact +401414 +402262 44 3 1
a contact +401414 +402262 3 44 1
a contact +407397 +408305 44 3 1
a contact +407397 +408305 3 44 1
a contact +413469 +414367 44 3 1
a contact +413469 +414367 3 44 1
a contact +419614 +420458 44 3 1
a contact +419614 +420458 3 44 1
a contact +425795 +426590 44 3 1
a contact +425795 +426590 3 44 1
a contact +431955 +432761 44 3 1
a contact +431955 +432761 3 44 1
a contact +438072 +438934 44 3 1
a contact +438072 +438934 3 44 1
a contact +444151 +445054 44 3 1
a contact +444151 +445054 3 44 1
a contact +450206 +451093 44 3 1
a contact +450206 +451093 3 44 1
a contact +456241 +457044 44 3 1
a contact +456241 +457044 3 44 1
a contact +462251 +462922 44 3 1
a contact +462251 +462922 3 44 1
a contact +468216 +468775 44 3 1
a contact +468216 +468775 3 44 1
a contact +474108 +474675 44 3 1
a contact +474108 +474675 3 44 1
a contact +479959 +480646 44 3 1
a contact +479959 +480646 3 44 1
a contact +485841 +486660 44 3 1
a contact +485841 +486660 3 44 1
a contact +491799 +492696 44 3 1
a contact +491799 +492696 3 44 1
a contact +497845 +498752 44 3 1
a contact +497845 +498752 3 44 1
a contact +503972 +504834 44 3 1
a contact +503972 +504834 3 44 1
a contact +510148 +510952 44 3 1
a contact +510148 +510952 3 44 1
a contact +516319 +517115 44 3 1
a contact +516319 +517115 3 44 1
a contact +522448 +523293 44 3 1
a contact +522448 +523293 3 44 1
a contact +528537 +529432 44 3 1
a contact +528537 +529432 3 44 1
a contact +534598 +535497 44 3 1
a contact +534598 +535497 3 44 1
a contact +540638 +541473 44 3 1
a contact +540638 +541473 3 44 1
a contact +546657 +547369 44 3 1
a contact +546657 +547369 3 44 1
a contact +552639 +553222 44 3 1
a contact +552639 +553222 3 44 1
a contact +558553 +559102 44 3 1
a contact +558553 +559102 3 44 1
a contact +564408 +565055 44 3 1
a contact +564408 +565055 3 44 1
a contact +570275 +571059 44 3 1
a contact +570275 +571059 3 44 1
a contact +576208 +577090 44 3 1
a contact +576208 +577090 3 44 1
a contact +582228 +583140 44 3 1
a contact +582228 +583140 3 44 1
a contact +588334 +589213 44 3 1
a contact +588334 +589213 3 44 1
a contact +594500 +595319 44 3 1
a contact +594500 +595319 3 44 1
a contact +600678 +601469 44 3 1
a contact +600678 +601469 3 44 1
a contact +15355 +15915 44 5 1
a contact +15355 +15915 5 44 1
a contact +21158 +22053 44 5 1
a contact +21158 +22053 5 44 1
a contact +27263 +28081 44 5 1
a contact +27263 +28081 5 44 1
a contact +58796 +59567 44 5 1
a contact +58796 +59567 5 44 1
a contact +64813 +65703 44 5 1
a contact +64813 +65703 5 44 1
a contact +70934 +71546 44 5 1
a contact +70934 +71546 5 44 1
a contact +99942 +100196 44 5 1
a contact +99942 +100196 5 44 1
a contact +105586 +106435 44 5 1
a contact +105586 +106435 5 44 1
a contact +111608 +112488 44 5 1
a contact +111608 +112488 5 44 1
a contact +117967 +118413 44 5 1
a contact +117967 +118413 5 44 1
a contact +143222 +143868 44 5 1
a contact +143222 +143868 5 44 1
a contact +149205 +150099 44 5 1
a contact +149205 +150099 5 44 1
a contact +155287 +156035 44 5 1
a contact +155287 +156035 5 44 1
a contact +190040 +190806 44 5 1
a contact +190040 +190806 5 44 1
a contact +195979 +196887 44 5 1
a contact +195979 +196887 5 44 1
a contact +202214 +202870 44 5 1
a contact +202214 +202870 5 44 1
a contact +227679 +228115 44 5 1
a contact +227679 +228115 5 44 1
a contact +233604 +234471 44 5 1
a contact +233604 +234471 5 44 1
a contact +239658 +240490 44 5 1
a contact +239658 +240490 5 44 1
a contact +245919 +246110 44 5 1
a contact +245919 +246110 5 44 1
a contact +274526 +275162 44 5 1
a contact +274526 +275162 5 44 1
a contact +280374 +281279 44 5 1
a contact +280374 +281279 5 44 1
a contact +286514 +287295 44 5 1
a contact +286514 +287295 5 44 1
a contact +318011 +318817 44 5 1
a contact +318011 +318817 5 44 1
a contact +324039 +324919 44 5 1
a contact +324039 +324919 5 44 1
a contact +330182 +330716 44 5 1
a contact +330182 +330716 5 44 1
a contact +359066 +359482 44 5 1
a contact +359066 +359482 5 44 1
a contact +364792 +365664 44 5 1
a contact +364792 +365664 5 44 1
a contact +370848 +371706 44 5 1
a contact +370848 +371706 5 44 1
a contact +377283 +377584 44 5 1
a contact +377283 +377584 5 44 1
a contact +402429 +403134 44 5 1
a contact +402429 +403134 5 44 1
a contact +408428 +409324 44 5 1
a contact +408428 +409324 5 44 1
a contact +414524 +415223 44 5 1
a contact +414524 +415223 5 44 1
a contact +449234 +450040 44 5 1
a contact +449234 +450040 5 44 1
a contact +455209 +456108 44 5 1
a contact +455209 +456108 5 44 1
a contact +461488 +462072 44 5 1
a contact +461488 +462072 5 44 1
a contact +486870 +487408 44 5 1
a contact +486870 +487408 5 44 1
a contact +492824 +493705 44 5 1
a contact +492824 +493705 5 44 1
a contact +498889 +499691 44 5 1
a contact +498889 +499691 5 44 1
a contact +533706 +534403 44 5 1
a contact +533706 +534403 5 44 1
a contact +539594 +540503 44 5 1
a contact +539594 +540503 5 44 1
a contact +545770 +546507 44 5 1
a contact +545770 +546507 5 44 1
a contact +571390 +571578 44 5 1
a contact +571390 +571578 5 44 1
a contact +577227 +578063 44 5 1
a contact +577227 +578063 5 44 1
a contact +583266 +584130 44 5 1
a contact +583266 +584130 5 44 1
a contact +589439 +589873 44 5 1
a contact +589439 +589873 5 44 1
a contact +3431 +4256 45 3 1
a contact +3431 +4256 3 45 1
a contact +9531 +10414 45 3 1
a contact +9531 +10414 3 45 1
a contact +15600 +16505 45 3 1
a contact +15600 +16505 3 45 1
a contact +21648 +22511 45 3 1
a contact +21648 +22511 3 45 1
a contact +27675 +28431 45 3 1
a contact +27675 +28431 3 45 1
a contact +33672 +34293 45 3 1
a contact +33672 +34293 3 45 1
a contact +39611 +40155 45 3 1
a contact +39611 +40155 3 45 1
a contact +45480 +46084 45 3 1
a contact +45480 +46084 3 45 1
a contact +51335 +52074 45 3 1
a contact +51335 +52074 3 45 1
a contact +57242 +58098 45 3 1
a contact +57242 +58098 3 45 1
a contact +63232 +64141 45 3 1
a contact +63232 +64141 3 45 1
a contact +69311 +70206 45 3 1
a contact +69311 +70206 3 45 1
a contact +75461 +76299 45 3 1
a contact +75461 +76299 3 45 1
a contact +81642 +82435 45 3 1
a contact +81642 +82435 3 45 1
a contact +87799 +88609 45 3 1
a contact +87799 +88609 3 45 1
a contact +93912 +94779 45 3 1
a contact +93912 +94779 3 45 1
a contact +99989 +100893 45 3 1
a contact +99989 +100893 3 45 1
a contact +106042 +106924 45 3 1
a contact +106042 +106924 3 45 1
a contact +112075 +112869 45 3 1
a contact +112075 +112869 3 45 1
a contact +118083 +118743 45 3 1
a contact +118083 +118743 3 45 1
a contact +124043 +124597 45 3 1
a contact +124043 +124597 3 45 1
a contact +129929 +130503 45 3 1
a contact +129929 +130503 3 45 1
a contact +135780 +136479 45 3 1
a contact +135780 +136479 3 45 1
a contact +141667 +142494 45 3 1
a contact +141667 +142494 3 45 1
a contact +147632 +148533 45 3 1
a contact +147632 +148533 3 45 1
a contact +153685 +154591 45 3 1
a contact +153685 +154591 3 45 1
a contact +159817 +160674 45 3 1
a contact +159817 +160674 3 45 1
a contact +165995 +166796 45 3 1
a contact +165995 +166796 3 45 1
a contact +172163 +172962 45 3 1
a contact +172163 +172962 3 45 1
a contact +178289 +179139 45 3 1
a contact +178289 +179139 3 45 1
a contact +184375 +185273 45 3 1
a contact +184375 +185273 3 45 1
a contact +190434 +191330 45 3 1
a contact +190434 +191330 3 45 1
a contact +196473 +197299 45 3 1
a contact +196473 +197299 3 45 1
a contact +202490 +203191 45 3 1
a contact +202490 +203191 3 45 1
a contact +208467 +209043 45 3 1
a contact +208467 +209043 3 45 1
a contact +214375 +214928 45 3 1
a contact +214375 +214928 3 45 1
a contact +220229 +220886 45 3 1
a contact +220229 +220886 3 45 1
a contact +226099 +226893 45 3 1
a contact +226099 +226893 3 45 1
a contact +232039 +232925 45 3 1
a contact +232039 +232925 3 45 1
a contact +238066 +238977 45 3 1
a contact +238066 +238977 3 45 1
a contact +244178 +245052 45 3 1
a contact +244178 +245052 3 45 1
a contact +250347 +251162 45 3 1
a contact +250347 +251162 3 45 1
a contact +256524 +257316 45 3 1
a contact +256524 +257316 3 45 1
a contact +262663 +263495 45 3 1
a contact +262663 +263495 3 45 1
a contact +268759 +269647 45 3 1
a contact +268759 +269647 3 45 1
a contact +274825 +275729 45 3 1
a contact +274825 +275729 3 45 1
a contact +280870 +281723 45 3 1
a contact +280870 +281723 3 45 1
a contact +286894 +287635 45 3 1
a contact +286894 +287635 3 45 1
a contact +292886 +293492 45 3 1
a contact +292886 +293492 3 45 1
a contact +298816 +299360 45 3 1
a contact +298816 +299360 3 45 1
a contact +304679 +305298 45 3 1
a contact +304679 +305298 3 45 1
a contact +310538 +311294 45 3 1
a contact +310538 +311294 3 45 1
a contact +316454 +317320 45 3 1
a contact +316454 +317320 3 45 1
a contact +322455 +323366 45 3 1
a contact +322455 +323366 3 45 1
a contact +328543 +329433 45 3 1
a contact +328543 +329433 3 45 1
a contact +334700 +335531 45 3 1
a contact +334700 +335531 3 45 1
a contact +340881 +341672 45 3 1
a contact +340881 +341672 3 45 1
a contact +347033 +347849 45 3 1
a contact +347033 +347849 3 45 1
a contact +353141 +354014 45 3 1
a contact +353141 +354014 3 45 1
a contact +359214 +360119 45 3 1
a contact +359214 +360119 3 45 1
a contact +365265 +366140 45 3 1
a contact +365265 +366140 3 45 1
a contact +371296 +372074 45 3 1
a contact +371296 +372074 3 45 1
a contact +377299 +377942 45 3 1
a contact +377299 +377942 3 45 1
a contact +383251 +383799 45 3 1
a contact +383251 +383799 3 45 1
a contact +389129 +389715 45 3 1
a contact +389129 +389715 3 45 1
a contact +394981 +395697 45 3 1
a contact +394981 +395697 3 45 1
a contact +400876 +401716 45 3 1
a contact +400876 +401716 3 45 1
a contact +406851 +407756 45 3 1
a contact +406851 +407756 3 45 1
a contact +412915 +413817 45 3 1
a contact +412915 +413817 3 45 1
a contact +419055 +419904 45 3 1
a contact +419055 +419904 3 45 1
a contact +425235 +426032 45 3 1
a contact +425235 +426032 3 45 1
a contact +431399 +432201 45 3 1
a contact +431399 +432201 3 45 1
a contact +437519 +438376 45 3 1
a contact +437519 +438376 3 45 1
a contact +443601 +444503 45 3 1
a contact +443601 +444503 3 45 1
a contact +449658 +450549 45 3 1
a contact +449658 +450549 3 45 1
a contact +455695 +456508 45 3 1
a contact +455695 +456508 3 45 1
a contact +461708 +462391 45 3 1
a contact +461708 +462391 3 45 1
a contact +467678 +468244 45 3 1
a contact +467678 +468244 3 45 1
a contact +473577 +474137 45 3 1
a contact +473577 +474137 3 45 1
a contact +479429 +480103 45 3 1
a contact +479429 +480103 3 45 1
a contact +485306 +486114 45 3 1
a contact +485306 +486114 3 45 1
a contact +491255 +492149 45 3 1
a contact +491255 +492149 3 45 1
a contact +497293 +498203 45 3 1
a contact +497293 +498203 3 45 1
a contact +503414 +504281 45 3 1
a contact +503414 +504281 3 45 1
a contact +509587 +510396 45 3 1
a contact +509587 +510396 3 45 1
a contact +515761 +516555 45 3 1
a contact +515761 +516555 3 45 1
a contact +521895 +522734 45 3 1
a contact +521895 +522734 3 45 1
a contact +527986 +528879 45 3 1
a contact +527986 +528879 3 45 1
a contact +534049 +534951 45 3 1
a contact +534049 +534951 3 45 1
a contact +540092 +540935 45 3 1
a contact +540092 +540935 3 45 1
a contact +546113 +546837 45 3 1
a contact +546113 +546837 3 45 1
a contact +552099 +552692 45 3 1
a contact +552099 +552692 3 45 1
a contact +558020 +558567 45 3 1
a contact +558020 +558567 3 45 1
a contact +563879 +564513 45 3 1
a contact +563879 +564513 3 45 1
a contact +569741 +570513 45 3 1
a contact +569741 +570513 3 45 1
a contact +575667 +576542 45 3 1
a contact +575667 +576542 3 45 1
a contact +581679 +582591 45 3 1
a contact +581679 +582591 3 45 1
a contact +587777 +588661 45 3 1
a contact +587777 +588661 3 45 1
a contact +593940 +594764 45 3 1
a contact +593940 +594764 3 45 1
a contact +600119 +600910 45 3 1
a contact +600119 +600910 3 45 1
a contact +14853 +15345 45 5 1
a contact +14853 +15345 5 45 1
a contact +20619 +21503 45 5 1
a contact +20619 +21503 5 45 1
a contact +26697 +27539 45 5 1
a contact +26697 +27539 5 45 1
a contact +33228 +33341 45 5 1
a contact +33228 +33341 5 45 1
a contact +58257 +58995 45 5 1
a contact +58257 +58995 5 45 1
a contact +64264 +65159 45 5 1
a contact +64264 +65159 5 45 1
a contact +70371 +71032 45 5 1
a contact +70371 +71032 5 45 1
a contact +105054 +105882 45 5 1
a contact +105054 +105882 5 45 1
a contact +111051 +111943 45 5 1
a contact +111051 +111943 5 45 1
a contact +117365 +117891 45 5 1
a contact +117365 +117891 5 45 1
a contact +142689 +143282 45 5 1
a contact +142689 +143282 5 45 1
a contact +148658 +149547 45 5 1
a contact +148658 +149547 5 45 1
a contact +154732 +155510 45 5 1
a contact +154732 +155510 5 45 1
a contact +189517 +190249 45 5 1
a contact +189517 +190249 5 45 1
a contact +195430 +196340 45 5 1
a contact +195430 +196340 5 45 1
a contact +201633 +202334 45 5 1
a contact +201633 +202334 5 45 1
a contact +227169 +227501 45 5 1
a contact +227169 +227501 5 45 1
a contact +233059 +233912 45 5 1
a contact +233059 +233912 5 45 1
a contact +239106 +239956 45 5 1
a contact +239106 +239956 5 45 1
a contact +245309 +245652 45 5 1
a contact +245309 +245652 5 45 1
a contact +274016 +274598 45 5 1
a contact +274016 +274598 5 45 1
a contact +279832 +280729 45 5 1
a contact +279832 +280729 5 45 1
a contact +285945 +286754 45 5 1
a contact +285945 +286754 5 45 1
a contact +317469 +318250 45 5 1
a contact +317469 +318250 5 45 1
a contact +323489 +324377 45 5 1
a contact +323489 +324377 5 45 1
a contact +329615 +330209 45 5 1
a contact +329615 +330209 5 45 1
a contact +358588 +358892 45 5 1
a contact +358588 +358892 5 45 1
a contact +364257 +365112 45 5 1
a contact +364257 +365112 5 45 1
a contact +370288 +371162 45 5 1
a contact +370288 +371162 5 45 1
a contact +376662 +377078 45 5 1
a contact +376662 +377078 5 45 1
a contact +401893 +402555 45 5 1
a contact +401893 +402555 5 45 1
a contact +407880 +408775 45 5 1
a contact +407880 +408775 5 45 1
a contact +413966 +414702 45 5 1
a contact +413966 +414702 5 45 1
a contact +448707 +449485 45 5 1
a contact +448707 +449485 5 45 1
a contact +454656 +455562 45 5 1
a contact +454656 +455562 5 45 1
a contact +460901 +461541 45 5 1
a contact +460901 +461541 5 45 1
a contact +486345 +486810 45 5 1
a contact +486345 +486810 5 45 1
a contact +492278 +493150 45 5 1
a contact +492278 +493150 5 45 1
a contact +498336 +499161 45 5 1
a contact +498336 +499161 5 45 1
a contact +504640 +504731 45 5 1
a contact +504640 +504731 5 45 1
a contact +533190 +533843 45 5 1
a contact +533190 +533843 5 45 1
a contact +539048 +539955 45 5 1
a contact +539048 +539955 5 45 1
a contact +545197 +545968 45 5 1
a contact +545197 +545968 5 45 1
a contact +576684 +577499 45 5 1
a contact +576684 +577499 5 45 1
a contact +582716 +583592 45 5 1
a contact +582716 +583592 5 45 1
a contact +588865 +589376 45 5 1
a contact +588865 +589376 5 45 1
a contact +2875 +3695 46 3 1
a contact +2875 +3695 3 46 1
a contact +8979 +9857 46 3 1
a contact +8979 +9857 3 46 1
a contact +15050 +15956 46 3 1
a contact +15050 +15956 3 46 1
a contact +21099 +21969 46 3 1
a contact +21099 +21969 3 46 1
a contact +27129 +27897 46 3 1
a contact +27129 +27897 3 46 1
a contact +33129 +33762 46 3 1
a contact +33129 +33762 3 46 1
a contact +39075 +39621 46 3 1
a contact +39075 +39621 3 46 1
a contact +44949 +45543 46 3 1
a contact +44949 +45543 3 46 1
a contact +50802 +51529 46 3 1
a contact +50802 +51529 3 46 1
a contact +56703 +57550 46 3 1
a contact +56703 +57550 3 46 1
a contact +62685 +63592 46 3 1
a contact +62685 +63592 3 46 1
a contact +68756 +69654 46 3 1
a contact +68756 +69654 3 46 1
a contact +74901 +75745 46 3 1
a contact +74901 +75745 3 46 1
a contact +81081 +81876 46 3 1
a contact +81081 +81876 3 46 1
a contact +87242 +88048 46 3 1
a contact +87242 +88048 3 46 1
a contact +93359 +94220 46 3 1
a contact +93359 +94220 3 46 1
a contact +99438 +100341 46 3 1
a contact +99438 +100341 3 46 1
a contact +105493 +106381 46 3 1
a contact +105493 +106381 3 46 1
a contact +111528 +112332 46 3 1
a contact +111528 +112332 3 46 1
a contact +117539 +118211 46 3 1
a contact +117539 +118211 3 46 1
a contact +123505 +124064 46 3 1
a contact +123505 +124064 3 46 1
a contact +129398 +129964 46 3 1
a contact +129398 +129964 3 46 1
a contact +135248 +135934 46 3 1
a contact +135248 +135934 3 46 1
a contact +141130 +141947 46 3 1
a contact +141130 +141947 3 46 1
a contact +147087 +147984 46 3 1
a contact +147087 +147984 3 46 1
a contact +153132 +154040 46 3 1
a contact +153132 +154040 3 46 1
a contact +159258 +160121 46 3 1
a contact +159258 +160121 3 46 1
a contact +165434 +166239 46 3 1
a contact +165434 +166239 3 46 1
a contact +171605 +172401 46 3 1
a contact +171605 +172401 3 46 1
a contact +177735 +178579 46 3 1
a contact +177735 +178579 3 46 1
a contact +183824 +184719 46 3 1
a contact +183824 +184719 3 46 1
a contact +189885 +190784 46 3 1
a contact +189885 +190784 3 46 1
a contact +195926 +196761 46 3 1
a contact +195926 +196761 3 46 1
a contact +201945 +202658 46 3 1
a contact +201945 +202658 3 46 1
a contact +207927 +208512 46 3 1
a contact +207927 +208512 3 46 1
a contact +213842 +214391 46 3 1
a contact +213842 +214391 3 46 1
a contact +219698 +220343 46 3 1
a contact +219698 +220343 3 46 1
a contact +225564 +226346 46 3 1
a contact +225564 +226346 3 46 1
a contact +231496 +232377 46 3 1
a contact +231496 +232377 3 46 1
a contact +237516 +238427 46 3 1
a contact +237516 +238427 3 46 1
a contact +243620 +244500 46 3 1
a contact +243620 +244500 3 46 1
a contact +249786 +250605 46 3 1
a contact +249786 +250605 3 46 1
a contact +255964 +256756 46 3 1
a contact +255964 +256756 3 46 1
a contact +262108 +262934 46 3 1
a contact +262108 +262934 3 46 1
a contact +268207 +269091 46 3 1
a contact +268207 +269091 3 46 1
a contact +274275 +275180 46 3 1
a contact +274275 +275180 3 46 1
a contact +280322 +281183 46 3 1
a contact +280322 +281183 3 46 1
a contact +286348 +287101 46 3 1
a contact +286348 +287101 3 46 1
a contact +292344 +292961 46 3 1
a contact +292344 +292961 3 46 1
a contact +298281 +298825 46 3 1
a contact +298281 +298825 3 46 1
a contact +304148 +304756 46 3 1
a contact +304148 +304756 3 46 1
a contact +310004 +310748 46 3 1
a contact +310004 +310748 3 46 1
a contact +315914 +316772 46 3 1
a contact +315914 +316772 3 46 1
a contact +321907 +322816 46 3 1
a contact +321907 +322816 3 46 1
a contact +327988 +328882 46 3 1
a contact +327988 +328882 3 46 1
a contact +334140 +334976 46 3 1
a contact +334140 +334976 3 46 1
a contact +340320 +341113 46 3 1
a contact +340320 +341113 3 46 1
a contact +346477 +347288 46 3 1
a contact +346477 +347288 3 46 1
a contact +352588 +353456 46 3 1
a contact +352588 +353456 3 46 1
a contact +358664 +359569 46 3 1
a contact +358664 +359569 3 46 1
a contact +364716 +365597 46 3 1
a contact +364716 +365597 3 46 1
a contact +370749 +371539 46 3 1
a contact +370749 +371539 3 46 1
a contact +376756 +377411 46 3 1
a contact +376756 +377411 3 46 1
a contact +382714 +383266 46 3 1
a contact +382714 +383266 3 46 1
a contact +388598 +389174 46 3 1
a contact +388598 +389174 3 46 1
a contact +394449 +395152 46 3 1
a contact +394449 +395152 3 46 1
a contact +400338 +401169 46 3 1
a contact +400338 +401169 3 46 1
a contact +406305 +407207 46 3 1
a contact +406305 +407207 3 46 1
a contact +412361 +413266 46 3 1
a contact +412361 +413266 3 46 1
a contact +418496 +419351 46 3 1
a contact +418496 +419351 3 46 1
a contact +424674 +425474 46 3 1
a contact +424674 +425474 3 46 1
a contact +430841 +431640 46 3 1
a contact +430841 +431640 3 46 1
a contact +436966 +437817 46 3 1
a contact +436966 +437817 3 46 1
a contact +443050 +443950 46 3 1
a contact +443050 +443950 3 46 1
a contact +449109 +450004 46 3 1
a contact +449109 +450004 3 46 1
a contact +455148 +455971 46 3 1
a contact +455148 +455971 3 46 1
a contact +461163 +461860 46 3 1
a contact +461163 +461860 3 46 1
a contact +467139 +467712 46 3 1
a contact +467139 +467712 3 46 1
a contact +473045 +473599 46 3 1
a contact +473045 +473599 3 46 1
a contact +478897 +479559 46 3 1
a contact +478897 +479559 3 46 1
a contact +484770 +485567 46 3 1
a contact +484770 +485567 3 46 1
a contact +490712 +491600 46 3 1
a contact +490712 +491600 3 46 1
a contact +496742 +497652 46 3 1
a contact +496742 +497652 3 46 1
a contact +502856 +503728 46 3 1
a contact +502856 +503728 3 46 1
a contact +509026 +509839 46 3 1
a contact +509026 +509839 3 46 1
a contact +515202 +515994 46 3 1
a contact +515202 +515994 3 46 1
a contact +521340 +522173 46 3 1
a contact +521340 +522173 3 46 1
a contact +527435 +528324 46 3 1
a contact +527435 +528324 3 46 1
a contact +533500 +534403 46 3 1
a contact +533500 +534403 3 46 1
a contact +539544 +540395 46 3 1
a contact +539544 +540395 3 46 1
a contact +545568 +546304 46 3 1
a contact +545568 +546304 3 46 1
a contact +551558 +552161 46 3 1
a contact +551558 +552161 3 46 1
a contact +557486 +558031 46 3 1
a contact +557486 +558031 3 46 1
a contact +563348 +563970 46 3 1
a contact +563348 +563970 3 46 1
a contact +569207 +569967 46 3 1
a contact +569207 +569967 3 46 1
a contact +575126 +575994 46 3 1
a contact +575126 +575994 3 46 1
a contact +581130 +582041 46 3 1
a contact +581130 +582041 3 46 1
a contact +587221 +588109 46 3 1
a contact +587221 +588109 3 46 1
a contact +593379 +594208 46 3 1
a contact +593379 +594208 3 46 1
a contact +599559 +600351 46 3 1
a contact +599559 +600351 3 46 1
a contact +14360 +14766 46 5 1
a contact +14360 +14766 5 46 1
a contact +20080 +20951 46 5 1
a contact +20080 +20951 5 46 1
a contact +26134 +26994 46 5 1
a contact +26134 +26994 5 46 1
a contact +32562 +32876 46 5 1
a contact +32562 +32876 5 46 1
a contact +57718 +58418 46 5 1
a contact +57718 +58418 5 46 1
a contact +63715 +64611 46 5 1
a contact +63715 +64611 5 46 1
a contact +69811 +70514 46 5 1
a contact +69811 +70514 5 46 1
a contact +104524 +105327 46 5 1
a contact +104524 +105327 5 46 1
a contact +110496 +111396 46 5 1
a contact +110496 +111396 5 46 1
a contact +116772 +117362 46 5 1
a contact +116772 +117362 5 46 1
a contact +142159 +142690 46 5 1
a contact +142159 +142690 5 46 1
a contact +148111 +148992 46 5 1
a contact +148111 +148992 5 46 1
a contact +154176 +154981 46 5 1
a contact +154176 +154981 5 46 1
a contact +188997 +189690 46 5 1
a contact +188997 +189690 5 46 1
a contact +194882 +195791 46 5 1
a contact +194882 +195791 5 46 1
a contact +201055 +201796 46 5 1
a contact +201055 +201796 5 46 1
a contact +226689 +226851 46 5 1
a contact +226689 +226851 5 46 1
a contact +232515 +233349 46 5 1
a contact +232515 +233349 5 46 1
a contact +238554 +239419 46 5 1
a contact +238554 +239419 5 46 1
a contact +244724 +245166 46 5 1
a contact +244724 +245166 5 46 1
a contact +273512 +274028 46 5 1
a contact +273512 +274028 5 46 1
a contact +279290 +280178 46 5 1
a contact +279290 +280178 5 46 1
a contact +285378 +286212 46 5 1
a contact +285378 +286212 5 46 1
a contact +316928 +317678 46 5 1
a contact +316928 +317678 5 46 1
a contact +322939 +323833 46 5 1
a contact +322939 +323833 5 46 1
a contact +329051 +329696 46 5 1
a contact +329051 +329696 5 46 1
a contact +358162 +358250 46 5 1
a contact +358162 +358250 5 46 1
a contact +363723 +364558 46 5 1
a contact +363723 +364558 5 46 1
a contact +369729 +370617 46 5 1
a contact +369729 +370617 5 46 1
a contact +376057 +376558 46 5 1
a contact +376057 +376558 5 46 1
a contact +401358 +401970 46 5 1
a contact +401358 +401970 5 46 1
a contact +407333 +408223 46 5 1
a contact +407333 +408223 5 46 1
a contact +413409 +414177 46 5 1
a contact +413409 +414177 5 46 1
a contact +448183 +448927 46 5 1
a contact +448183 +448927 5 46 1
a contact +454105 +455014 46 5 1
a contact +454105 +455014 5 46 1
a contact +460318 +461005 46 5 1
a contact +460318 +461005 5 46 1
a contact +485829 +486200 46 5 1
a contact +485829 +486200 5 46 1
a contact +491733 +492590 46 5 1
a contact +491733 +492590 5 46 1
a contact +497782 +498626 46 5 1
a contact +497782 +498626 5 46 1
a contact +504000 +504302 46 5 1
a contact +504000 +504302 5 46 1
a contact +532678 +533278 46 5 1
a contact +532678 +533278 5 46 1
a contact +538504 +539405 46 5 1
a contact +538504 +539405 5 46 1
a contact +544626 +545427 46 5 1
a contact +544626 +545427 5 46 1
a contact +576142 +576931 46 5 1
a contact +576142 +576931 5 46 1
a contact +582165 +583050 46 5 1
a contact +582165 +583050 5 46 1
a contact +588295 +588871 46 5 1
a contact +588295 +588871 5 46 1
a contact +2318 +3133 47 3 1
a contact +2318 +3133 3 47 1
a contact +8426 +9299 47 3 1
a contact +8426 +9299 3 47 1
a contact +14499 +15405 47 3 1
a contact +14499 +15405 3 47 1
a contact +20550 +21426 47 3 1
a contact +20550 +21426 3 47 1
a contact +26581 +27361 47 3 1
a contact +26581 +27361 3 47 1
a contact +32585 +33230 47 3 1
a contact +32585 +33230 3 47 1
a contact +38537 +39086 47 3 1
a contact +38537 +39086 3 47 1
a contact +44417 +45001 47 3 1
a contact +44417 +45001 3 47 1
a contact +50268 +50983 47 3 1
a contact +50268 +50983 3 47 1
a contact +56163 +57001 47 3 1
a contact +56163 +57001 3 47 1
a contact +62137 +63042 47 3 1
a contact +62137 +63042 3 47 1
a contact +68200 +69102 47 3 1
a contact +68200 +69102 3 47 1
a contact +74340 +75189 47 3 1
a contact +74340 +75189 3 47 1
a contact +80519 +81317 47 3 1
a contact +80519 +81317 3 47 1
a contact +86683 +87485 47 3 1
a contact +86683 +87485 3 47 1
a contact +92804 +93660 47 3 1
a contact +92804 +93660 3 47 1
a contact +98886 +99788 47 3 1
a contact +98886 +99788 3 47 1
a contact +104943 +105835 47 3 1
a contact +104943 +105835 3 47 1
a contact +110980 +111794 47 3 1
a contact +110980 +111794 3 47 1
a contact +116994 +117679 47 3 1
a contact +116994 +117679 3 47 1
a contact +122965 +123531 47 3 1
a contact +122965 +123531 3 47 1
a contact +128864 +129424 47 3 1
a contact +128864 +129424 3 47 1
a contact +134716 +135389 47 3 1
a contact +134716 +135389 3 47 1
a contact +140592 +141399 47 3 1
a contact +140592 +141399 3 47 1
a contact +146541 +147434 47 3 1
a contact +146541 +147434 3 47 1
a contact +152579 +153488 47 3 1
a contact +152579 +153488 3 47 1
a contact +158698 +159566 47 3 1
a contact +158698 +159566 3 47 1
a contact +164871 +165680 47 3 1
a contact +164871 +165680 3 47 1
a contact +171045 +171839 47 3 1
a contact +171045 +171839 3 47 1
a contact +177179 +178018 47 3 1
a contact +177179 +178018 3 47 1
a contact +183271 +184164 47 3 1
a contact +183271 +184164 3 47 1
a contact +189335 +190236 47 3 1
a contact +189335 +190236 3 47 1
a contact +195377 +196221 47 3 1
a contact +195377 +196221 3 47 1
a contact +201399 +202125 47 3 1
a contact +201399 +202125 3 47 1
a contact +207386 +207979 47 3 1
a contact +207386 +207979 3 47 1
a contact +213307 +213853 47 3 1
a contact +213307 +213853 3 47 1
a contact +219166 +219799 47 3 1
a contact +219166 +219799 3 47 1
a contact +225028 +225799 47 3 1
a contact +225028 +225799 3 47 1
a contact +230953 +231828 47 3 1
a contact +230953 +231828 3 47 1
a contact +236964 +237876 47 3 1
a contact +236964 +237876 3 47 1
a contact +243062 +243946 47 3 1
a contact +243062 +243946 3 47 1
a contact +249224 +250048 47 3 1
a contact +249224 +250048 3 47 1
a contact +255403 +256194 47 3 1
a contact +255403 +256194 3 47 1
a contact +261551 +262372 47 3 1
a contact +261551 +262372 3 47 1
a contact +267654 +268533 47 3 1
a contact +267654 +268533 3 47 1
a contact +273724 +274630 47 3 1
a contact +273724 +274630 3 47 1
a contact +279773 +280641 47 3 1
a contact +279773 +280641 3 47 1
a contact +285801 +286566 47 3 1
a contact +285801 +286566 3 47 1
a contact +291801 +292429 47 3 1
a contact +291801 +292429 3 47 1
a contact +297744 +298290 47 3 1
a contact +297744 +298290 3 47 1
a contact +303616 +304214 47 3 1
a contact +303616 +304214 3 47 1
a contact +309470 +310201 47 3 1
a contact +309470 +310201 3 47 1
a contact +315373 +316223 47 3 1
a contact +315373 +316223 3 47 1
a contact +321358 +322266 47 3 1
a contact +321358 +322266 3 47 1
a contact +327431 +328329 47 3 1
a contact +327431 +328329 3 47 1
a contact +333578 +334420 47 3 1
a contact +333578 +334420 3 47 1
a contact +339758 +340553 47 3 1
a contact +339758 +340553 3 47 1
a contact +345918 +346725 47 3 1
a contact +345918 +346725 3 47 1
a contact +352034 +352897 47 3 1
a contact +352034 +352897 3 47 1
a contact +358112 +359016 47 3 1
a contact +358112 +359016 3 47 1
a contact +364167 +365053 47 3 1
a contact +364167 +365053 3 47 1
a contact +370201 +371002 47 3 1
a contact +370201 +371002 3 47 1
a contact +376211 +376879 47 3 1
a contact +376211 +376879 3 47 1
a contact +382175 +382732 47 3 1
a contact +382175 +382732 3 47 1
a contact +388065 +388634 47 3 1
a contact +388065 +388634 3 47 1
a contact +393916 +394606 47 3 1
a contact +393916 +394606 3 47 1
a contact +399800 +400620 47 3 1
a contact +399800 +400620 3 47 1
a contact +405759 +406657 47 3 1
a contact +405759 +406657 3 47 1
a contact +411807 +412714 47 3 1
a contact +411807 +412714 3 47 1
a contact +417935 +418796 47 3 1
a contact +417935 +418796 3 47 1
a contact +424111 +424915 47 3 1
a contact +424111 +424915 3 47 1
a contact +430282 +431078 47 3 1
a contact +430282 +431078 3 47 1
a contact +436410 +437256 47 3 1
a contact +436410 +437256 3 47 1
a contact +442498 +443395 47 3 1
a contact +442498 +443395 3 47 1
a contact +448559 +449457 47 3 1
a contact +448559 +449457 3 47 1
a contact +454599 +455431 47 3 1
a contact +454599 +455431 3 47 1
a contact +460618 +461326 47 3 1
a contact +460618 +461326 3 47 1
a contact +466598 +467179 47 3 1
a contact +466598 +467179 3 47 1
a contact +472511 +473061 47 3 1
a contact +472511 +473061 3 47 1
a contact +478365 +479015 47 3 1
a contact +478365 +479015 3 47 1
a contact +484233 +485019 47 3 1
a contact +484233 +485019 3 47 1
a contact +490168 +491050 47 3 1
a contact +490168 +491050 3 47 1
a contact +496190 +497101 47 3 1
a contact +496190 +497101 3 47 1
a contact +502297 +503174 47 3 1
a contact +502297 +503174 3 47 1
a contact +508464 +509281 47 3 1
a contact +508464 +509281 3 47 1
a contact +514641 +515433 47 3 1
a contact +514641 +515433 3 47 1
a contact +520783 +521612 47 3 1
a contact +520783 +521612 3 47 1
a contact +526882 +527767 47 3 1
a contact +526882 +527767 3 47 1
a contact +532949 +533854 47 3 1
a contact +532949 +533854 3 47 1
a contact +538995 +539854 47 3 1
a contact +538995 +539854 3 47 1
a contact +545021 +545770 47 3 1
a contact +545021 +545770 3 47 1
a contact +551015 +551629 47 3 1
a contact +551015 +551629 3 47 1
a contact +556950 +557494 47 3 1
a contact +556950 +557494 3 47 1
a contact +562816 +563427 47 3 1
a contact +562816 +563427 3 47 1
a contact +568672 +569420 47 3 1
a contact +568672 +569420 3 47 1
a contact +574584 +575445 47 3 1
a contact +574584 +575445 3 47 1
a contact +580580 +581490 47 3 1
a contact +580580 +581490 3 47 1
a contact +586663 +587556 47 3 1
a contact +586663 +587556 3 47 1
a contact +592817 +593652 47 3 1
a contact +592817 +593652 3 47 1
a contact +598998 +599790 47 3 1
a contact +598998 +599790 3 47 1
a contact +13882 +14172 47 5 1
a contact +13882 +14172 5 47 1
a contact +19544 +20397 47 5 1
a contact +19544 +20397 5 47 1
a contact +25572 +26448 47 5 1
a contact +25572 +26448 5 47 1
a contact +31941 +32367 47 5 1
a contact +31941 +32367 5 47 1
a contact +57180 +57836 47 5 1
a contact +57180 +57836 5 47 1
a contact +63166 +64060 47 5 1
a contact +63166 +64060 5 47 1
a contact +69251 +69990 47 5 1
a contact +69251 +69990 5 47 1
a contact +103995 +104769 47 5 1
a contact +103995 +104769 5 47 1
a contact +109941 +110848 47 5 1
a contact +109941 +110848 5 47 1
a contact +116183 +116828 47 5 1
a contact +116183 +116828 5 47 1
a contact +141634 +142089 47 5 1
a contact +141634 +142089 5 47 1
a contact +147564 +148434 47 5 1
a contact +147564 +148434 5 47 1
a contact +153620 +154448 47 5 1
a contact +153620 +154448 5 47 1
a contact +159907 +160038 47 5 1
a contact +159907 +160038 5 47 1
a contact +188479 +189126 47 5 1
a contact +188479 +189126 5 47 1
a contact +194334 +195240 47 5 1
a contact +194334 +195240 5 47 1
a contact +200480 +201255 47 5 1
a contact +200480 +201255 5 47 1
a contact +231970 +232782 47 5 1
a contact +231970 +232782 5 47 1
a contact +238001 +238878 47 5 1
a contact +238001 +238878 5 47 1
a contact +244148 +244667 47 5 1
a contact +244148 +244667 5 47 1
a contact +273014 +273451 47 5 1
a contact +273014 +273451 5 47 1
a contact +278750 +279625 47 5 1
a contact +278750 +279625 5 47 1
a contact +284812 +285666 47 5 1
a contact +284812 +285666 5 47 1
a contact +291265 +291531 47 5 1
a contact +291265 +291531 5 47 1
a contact +316388 +317101 47 5 1
a contact +316388 +317101 5 47 1
a contact +322389 +323285 47 5 1
a contact +322389 +323285 5 47 1
a contact +328488 +329178 47 5 1
a contact +328488 +329178 5 47 1
a contact +363191 +364002 47 5 1
a contact +363191 +364002 5 47 1
a contact +369171 +370069 47 5 1
a contact +369171 +370069 5 47 1
a contact +375459 +376029 47 5 1
a contact +375459 +376029 5 47 1
a contact +400826 +401379 47 5 1
a contact +400826 +401379 5 47 1
a contact +406784 +407668 47 5 1
a contact +406784 +407668 5 47 1
a contact +412852 +413648 47 5 1
a contact +412852 +413648 5 47 1
a contact +447660 +448367 47 5 1
a contact +447660 +448367 5 47 1
a contact +453555 +454464 47 5 1
a contact +453555 +454464 5 47 1
a contact +459738 +460466 47 5 1
a contact +459738 +460466 5 47 1
a contact +485332 +485566 47 5 1
a contact +485332 +485566 5 47 1
a contact +491187 +492027 47 5 1
a contact +491187 +492027 5 47 1
a contact +497228 +498089 47 5 1
a contact +497228 +498089 5 47 1
a contact +503408 +503821 47 5 1
a contact +503408 +503821 5 47 1
a contact +532170 +532709 47 5 1
a contact +532170 +532709 5 47 1
a contact +537961 +538853 47 5 1
a contact +537961 +538853 5 47 1
a contact +544057 +544883 47 5 1
a contact +544057 +544883 5 47 1
a contact +575599 +576359 47 5 1
a contact +575599 +576359 5 47 1
a contact +581613 +582505 47 5 1
a contact +581613 +582505 5 47 1
a contact +587729 +588359 47 5 1
a contact +587729 +588359 5 47 1
a contact +1759 +2569 48 3 1
a contact +1759 +2569 3 48 1
a contact +7870 +8738 48 3 1
a contact +7870 +8738 3 48 1
a contact +13947 +14851 48 3 1
a contact +13947 +14851 3 48 1
a contact +19999 +20881 48 3 1
a contact +19999 +20881 3 48 1
a contact +26032 +26823 48 3 1
a contact +26032 +26823 3 48 1
a contact +32040 +32696 48 3 1
a contact +32040 +32696 3 48 1
a contact +37998 +38551 48 3 1
a contact +37998 +38551 3 48 1
a contact +43883 +44459 48 3 1
a contact +43883 +44459 3 48 1
a contact +49734 +50435 48 3 1
a contact +49734 +50435 3 48 1
a contact +55622 +56452 48 3 1
a contact +55622 +56452 3 48 1
a contact +61589 +62490 48 3 1
a contact +61589 +62490 3 48 1
a contact +67644 +68549 48 3 1
a contact +67644 +68549 3 48 1
a contact +73778 +74633 48 3 1
a contact +73778 +74633 3 48 1
a contact +79955 +80756 48 3 1
a contact +79955 +80756 3 48 1
a contact +86123 +86922 48 3 1
a contact +86123 +86922 3 48 1
a contact +92248 +93099 48 3 1
a contact +92248 +93099 3 48 1
a contact +98333 +99232 48 3 1
a contact +98333 +99232 3 48 1
a contact +104392 +105288 48 3 1
a contact +104392 +105288 3 48 1
a contact +110431 +111255 48 3 1
a contact +110431 +111255 3 48 1
a contact +116447 +117145 48 3 1
a contact +116447 +117145 3 48 1
a contact +122423 +122997 48 3 1
a contact +122423 +122997 3 48 1
a contact +128330 +128883 48 3 1
a contact +128330 +128883 3 48 1
a contact +134182 +134843 48 3 1
a contact +134182 +134843 3 48 1
a contact +140054 +140850 48 3 1
a contact +140054 +140850 3 48 1
a contact +145996 +146883 48 3 1
a contact +145996 +146883 3 48 1
a contact +152025 +152935 48 3 1
a contact +152025 +152935 3 48 1
a contact +158138 +159011 48 3 1
a contact +158138 +159011 3 48 1
a contact +164308 +165121 48 3 1
a contact +164308 +165121 3 48 1
a contact +170484 +171276 48 3 1
a contact +170484 +171276 3 48 1
a contact +176622 +177455 48 3 1
a contact +176622 +177455 3 48 1
a contact +182717 +183606 48 3 1
a contact +182717 +183606 3 48 1
a contact +188783 +189686 48 3 1
a contact +188783 +189686 3 48 1
a contact +194827 +195679 48 3 1
a contact +194827 +195679 3 48 1
a contact +200851 +201589 48 3 1
a contact +200851 +201589 3 48 1
a contact +206842 +207446 48 3 1
a contact +206842 +207446 3 48 1
a contact +212771 +213315 48 3 1
a contact +212771 +213315 3 48 1
a contact +218633 +219254 48 3 1
a contact +218633 +219254 3 48 1
a contact +224492 +225251 48 3 1
a contact +224492 +225251 3 48 1
a contact +230410 +231277 48 3 1
a contact +230410 +231277 3 48 1
a contact +236413 +237324 48 3 1
a contact +236413 +237324 3 48 1
a contact +242503 +243392 48 3 1
a contact +242503 +243392 3 48 1
a contact +248661 +249490 48 3 1
a contact +248661 +249490 3 48 1
a contact +254841 +255632 48 3 1
a contact +254841 +255632 3 48 1
a contact +260992 +261809 48 3 1
a contact +260992 +261809 3 48 1
a contact +267099 +267974 48 3 1
a contact +267099 +267974 3 48 1
a contact +273172 +274078 48 3 1
a contact +273172 +274078 3 48 1
a contact +279222 +280096 48 3 1
a contact +279222 +280096 3 48 1
a contact +285253 +286029 48 3 1
a contact +285253 +286029 3 48 1
a contact +291256 +291896 48 3 1
a contact +291256 +291896 3 48 1
a contact +297206 +297754 48 3 1
a contact +297206 +297754 3 48 1
a contact +303083 +303670 48 3 1
a contact +303083 +303670 3 48 1
a contact +308935 +309654 48 3 1
a contact +308935 +309654 3 48 1
a contact +314832 +315673 48 3 1
a contact +314832 +315673 3 48 1
a contact +320809 +321714 48 3 1
a contact +320809 +321714 3 48 1
a contact +326874 +327775 48 3 1
a contact +326874 +327775 3 48 1
a contact +333016 +333863 48 3 1
a contact +333016 +333863 3 48 1
a contact +339195 +339992 48 3 1
a contact +339195 +339992 3 48 1
a contact +345359 +346162 48 3 1
a contact +345359 +346162 3 48 1
a contact +351478 +352336 48 3 1
a contact +351478 +352336 3 48 1
a contact +357559 +358461 48 3 1
a contact +357559 +358461 3 48 1
a contact +363616 +364506 48 3 1
a contact +363616 +364506 3 48 1
a contact +369652 +370463 48 3 1
a contact +369652 +370463 3 48 1
a contact +375665 +376345 48 3 1
a contact +375665 +376345 3 48 1
a contact +381634 +382198 48 3 1
a contact +381634 +382198 3 48 1
a contact +387531 +388093 48 3 1
a contact +387531 +388093 3 48 1
a contact +393382 +394060 48 3 1
a contact +393382 +394060 3 48 1
a contact +399261 +400071 48 3 1
a contact +399261 +400071 3 48 1
a contact +405212 +406106 48 3 1
a contact +405212 +406106 3 48 1
a contact +411252 +412161 48 3 1
a contact +411252 +412161 3 48 1
a contact +417374 +418240 48 3 1
a contact +417374 +418240 3 48 1
a contact +423548 +424356 48 3 1
a contact +423548 +424356 3 48 1
a contact +429721 +430515 48 3 1
a contact +429721 +430515 3 48 1
a contact +435854 +436694 48 3 1
a contact +435854 +436694 3 48 1
a contact +441945 +442838 48 3 1
a contact +441945 +442838 3 48 1
a contact +448007 +448908 48 3 1
a contact +448007 +448908 3 48 1
a contact +454049 +454890 48 3 1
a contact +454049 +454890 3 48 1
a contact +460070 +460792 48 3 1
a contact +460070 +460792 3 48 1
a contact +466055 +466646 48 3 1
a contact +466055 +466646 3 48 1
a contact +471975 +472522 48 3 1
a contact +471975 +472522 3 48 1
a contact +477832 +478469 48 3 1
a contact +477832 +478469 3 48 1
a contact +483696 +484471 48 3 1
a contact +483696 +484471 3 48 1
a contact +489623 +490500 48 3 1
a contact +489623 +490500 3 48 1
a contact +495637 +496549 48 3 1
a contact +495637 +496549 3 48 1
a contact +501737 +502620 48 3 1
a contact +501737 +502620 3 48 1
a contact +507900 +508723 48 3 1
a contact +507900 +508723 3 48 1
a contact +514079 +514870 48 3 1
a contact +514079 +514870 3 48 1
a contact +520226 +521049 48 3 1
a contact +520226 +521049 3 48 1
a contact +526327 +527208 48 3 1
a contact +526327 +527208 3 48 1
a contact +532397 +533302 48 3 1
a contact +532397 +533302 3 48 1
a contact +538445 +539311 48 3 1
a contact +538445 +539311 3 48 1
a contact +544473 +545234 48 3 1
a contact +544473 +545234 3 48 1
a contact +550471 +551096 48 3 1
a contact +550471 +551096 3 48 1
a contact +556413 +556957 48 3 1
a contact +556413 +556957 3 48 1
a contact +562283 +562883 48 3 1
a contact +562283 +562883 3 48 1
a contact +568137 +568872 48 3 1
a contact +568137 +568872 3 48 1
a contact +574042 +574895 48 3 1
a contact +574042 +574895 3 48 1
a contact +580030 +580938 48 3 1
a contact +580030 +580938 3 48 1
a contact +586106 +587002 48 3 1
a contact +586106 +587002 3 48 1
a contact +592254 +593095 48 3 1
a contact +592254 +593095 3 48 1
a contact +598435 +599229 48 3 1
a contact +598435 +599229 3 48 1
a contact +604594 +604800 48 3 1
a contact +604594 +604800 3 48 1
a contact +19008 +19841 48 5 1
a contact +19008 +19841 5 48 1
a contact +25011 +25900 48 5 1
a contact +25011 +25900 5 48 1
a contact +31334 +31843 48 5 1
a contact +31334 +31843 5 48 1
a contact +56643 +57249 48 5 1
a contact +56643 +57249 5 48 1
a contact +62616 +63506 48 5 1
a contact +62616 +63506 5 48 1
a contact +68691 +69463 48 5 1
a contact +68691 +69463 5 48 1
a contact +103469 +104209 48 5 1
a contact +103469 +104209 5 48 1
a contact +109388 +110297 48 5 1
a contact +109388 +110297 5 48 1
a contact +115598 +116289 48 5 1
a contact +115598 +116289 5 48 1
a contact +141117 +141475 48 5 1
a contact +141117 +141475 5 48 1
a contact +147016 +147872 48 5 1
a contact +147016 +147872 5 48 1
a contact +153065 +153911 48 5 1
a contact +153065 +153911 5 48 1
a contact +159277 +159594 48 5 1
a contact +159277 +159594 5 48 1
a contact +187965 +188559 48 5 1
a contact +187965 +188559 5 48 1
a contact +193788 +194688 48 5 1
a contact +193788 +194688 5 48 1
a contact +199907 +200711 48 5 1
a contact +199907 +200711 5 48 1
a contact +231426 +232212 48 5 1
a contact +231426 +232212 5 48 1
a contact +237448 +238334 48 5 1
a contact +237448 +238334 5 48 1
a contact +243576 +244158 48 5 1
a contact +243576 +244158 5 48 1
a contact +272529 +272861 48 5 1
a contact +272529 +272861 5 48 1
a contact +278211 +279071 48 5 1
a contact +278211 +279071 5 48 1
a contact +284248 +285119 48 5 1
a contact +284248 +285119 5 48 1
a contact +290635 +291028 48 5 1
a contact +290635 +291028 5 48 1
a contact +315848 +316520 48 5 1
a contact +315848 +316520 5 48 1
a contact +321838 +322733 48 5 1
a contact +321838 +322733 5 48 1
a contact +327926 +328655 48 5 1
a contact +327926 +328655 5 48 1
a contact +362660 +363444 48 5 1
a contact +362660 +363444 5 48 1
a contact +368615 +369520 48 5 1
a contact +368615 +369520 5 48 1
a contact +374867 +375495 48 5 1
a contact +374867 +375495 5 48 1
a contact +400297 +400779 48 5 1
a contact +400297 +400779 5 48 1
a contact +406235 +407109 48 5 1
a contact +406235 +407109 5 48 1
a contact +412294 +413115 48 5 1
a contact +412294 +413115 5 48 1
a contact +447141 +447803 48 5 1
a contact +447141 +447803 5 48 1
a contact +453005 +453913 48 5 1
a contact +453005 +453913 5 48 1
a contact +459160 +459924 48 5 1
a contact +459160 +459924 5 48 1
a contact +490641 +491461 48 5 1
a contact +490641 +491461 5 48 1
a contact +496674 +497548 48 5 1
a contact +496674 +497548 5 48 1
a contact +502828 +503323 48 5 1
a contact +502828 +503323 5 48 1
a contact +531668 +532133 48 5 1
a contact +531668 +532133 5 48 1
a contact +537419 +538299 48 5 1
a contact +537419 +538299 5 48 1
a contact +543489 +544337 48 5 1
a contact +543489 +544337 5 48 1
a contact +549973 +550179 48 5 1
a contact +549973 +550179 5 48 1
a contact +575057 +575783 48 5 1
a contact +575057 +575783 5 48 1
a contact +581061 +581957 48 5 1
a contact +581061 +581957 5 48 1
a contact +587164 +587840 48 5 1
a contact +587164 +587840 5 48 1
a contact +1199 +2005 49 3 1
a contact +1199 +2005 3 49 1
a contact +7314 +8177 49 3 1
a contact +7314 +8177 3 49 1
a contact +13393 +14297 49 3 1
a contact +13393 +14297 3 49 1
a contact +19448 +20335 49 3 1
a contact +19448 +20335 3 49 1
a contact +25483 +26285 49 3 1
a contact +25483 +26285 3 49 1
a contact +31493 +32162 49 3 1
a contact +31493 +32162 3 49 1
a contact +37457 +38015 49 3 1
a contact +37457 +38015 3 49 1
a contact +43349 +43916 49 3 1
a contact +43349 +43916 3 49 1
a contact +49199 +49888 49 3 1
a contact +49199 +49888 3 49 1
a contact +55082 +55902 49 3 1
a contact +55082 +55902 3 49 1
a contact +61041 +61939 49 3 1
a contact +61041 +61939 3 49 1
a contact +67088 +67995 49 3 1
a contact +67088 +67995 3 49 1
a contact +73215 +74076 49 3 1
a contact +73215 +74076 3 49 1
a contact +79391 +80196 49 3 1
a contact +79391 +80196 3 49 1
a contact +85562 +86358 49 3 1
a contact +85562 +86358 3 49 1
a contact +91691 +92536 49 3 1
a contact +91691 +92536 3 49 1
a contact +97779 +98675 49 3 1
a contact +97779 +98675 3 49 1
a contact +103840 +104739 49 3 1
a contact +103840 +104739 3 49 1
a contact +109881 +110714 49 3 1
a contact +109881 +110714 3 49 1
a contact +115899 +116610 49 3 1
a contact +115899 +116610 3 49 1
a contact +121880 +122463 49 3 1
a contact +121880 +122463 3 49 1
a contact +127794 +128343 49 3 1
a contact +127794 +128343 3 49 1
a contact +133649 +134296 49 3 1
a contact +133649 +134296 3 49 1
a contact +139516 +140301 49 3 1
a contact +139516 +140301 3 49 1
a contact +145450 +146332 49 3 1
a contact +145450 +146332 3 49 1
a contact +151471 +152382 49 3 1
a contact +151471 +152382 3 49 1
a contact +157577 +158455 49 3 1
a contact +157577 +158455 3 49 1
a contact +163744 +164562 49 3 1
a contact +163744 +164562 3 49 1
a contact +169922 +170713 49 3 1
a contact +169922 +170713 3 49 1
a contact +176064 +176892 49 3 1
a contact +176064 +176892 3 49 1
a contact +182163 +183047 49 3 1
a contact +182163 +183047 3 49 1
a contact +188230 +189135 49 3 1
a contact +188230 +189135 3 49 1
a contact +194277 +195136 49 3 1
a contact +194277 +195136 3 49 1
a contact +200303 +201053 49 3 1
a contact +200303 +201053 3 49 1
a contact +206297 +206912 49 3 1
a contact +206297 +206912 3 49 1
a contact +212233 +212777 49 3 1
a contact +212233 +212777 3 49 1
a contact +218099 +218709 49 3 1
a contact +218099 +218709 3 49 1
a contact +223956 +224702 49 3 1
a contact +223956 +224702 3 49 1
a contact +229867 +230727 49 3 1
a contact +229867 +230727 3 49 1
a contact +235861 +236771 49 3 1
a contact +235861 +236771 3 49 1
a contact +241944 +242837 49 3 1
a contact +241944 +242837 3 49 1
a contact +248097 +248932 49 3 1
a contact +248097 +248932 3 49 1
a contact +254278 +255070 49 3 1
a contact +254278 +255070 3 49 1
a contact +260433 +261245 49 3 1
a contact +260433 +261245 3 49 1
a contact +266544 +267413 49 3 1
a contact +266544 +267413 3 49 1
a contact +272619 +273524 49 3 1
a contact +272619 +273524 3 49 1
a contact +278671 +279551 49 3 1
a contact +278671 +279551 3 49 1
a contact +284703 +285491 49 3 1
a contact +284703 +285491 3 49 1
a contact +290710 +291362 49 3 1
a contact +290710 +291362 3 49 1
a contact +296666 +297217 49 3 1
a contact +296666 +297217 3 49 1
a contact +302549 +303127 49 3 1
a contact +302549 +303127 3 49 1
a contact +308400 +309106 49 3 1
a contact +308400 +309106 3 49 1
a contact +314291 +315123 49 3 1
a contact +314291 +315123 3 49 1
a contact +320260 +321162 49 3 1
a contact +320260 +321162 3 49 1
a contact +326317 +327221 49 3 1
a contact +326317 +327221 3 49 1
a contact +332453 +333306 49 3 1
a contact +332453 +333306 3 49 1
a contact +338631 +339431 49 3 1
a contact +338631 +339431 3 49 1
a contact +344798 +345598 49 3 1
a contact +344798 +345598 3 49 1
a contact +350921 +351774 49 3 1
a contact +350921 +351774 3 49 1
a contact +357006 +357905 49 3 1
a contact +357006 +357905 3 49 1
a contact +363064 +363958 49 3 1
a contact +363064 +363958 3 49 1
a contact +369102 +369923 49 3 1
a contact +369102 +369923 3 49 1
a contact +375117 +375811 49 3 1
a contact +375117 +375811 3 49 1
a contact +381092 +381663 49 3 1
a contact +381092 +381663 3 49 1
a contact +386996 +387552 49 3 1
a contact +386996 +387552 3 49 1
a contact +392848 +393513 49 3 1
a contact +392848 +393513 3 49 1
a contact +398722 +399521 49 3 1
a contact +398722 +399521 3 49 1
a contact +404665 +405555 49 3 1
a contact +404665 +405555 3 49 1
a contact +410697 +411608 49 3 1
a contact +410697 +411608 3 49 1
a contact +416812 +417684 49 3 1
a contact +416812 +417684 3 49 1
a contact +422984 +423796 49 3 1
a contact +422984 +423796 3 49 1
a contact +429159 +429952 49 3 1
a contact +429159 +429952 3 49 1
a contact +435296 +436131 49 3 1
a contact +435296 +436131 3 49 1
a contact +441390 +442280 49 3 1
a contact +441390 +442280 3 49 1
a contact +447455 +448358 49 3 1
a contact +447455 +448358 3 49 1
a contact +453499 +454348 49 3 1
a contact +453499 +454348 3 49 1
a contact +459522 +460256 49 3 1
a contact +459522 +460256 3 49 1
a contact +465511 +466112 49 3 1
a contact +465511 +466112 3 49 1
a contact +471438 +471983 49 3 1
a contact +471438 +471983 3 49 1
a contact +477299 +477924 49 3 1
a contact +477299 +477924 3 49 1
a contact +483159 +483922 49 3 1
a contact +483159 +483922 3 49 1
a contact +489079 +489949 49 3 1
a contact +489079 +489949 3 49 1
a contact +495085 +495996 49 3 1
a contact +495085 +495996 3 49 1
a contact +501177 +502065 49 3 1
a contact +501177 +502065 3 49 1
a contact +507336 +508164 49 3 1
a contact +507336 +508164 3 49 1
a contact +513516 +514308 49 3 1
a contact +513516 +514308 3 49 1
a contact +519667 +520485 49 3 1
a contact +519667 +520485 3 49 1
a contact +525772 +526648 49 3 1
a contact +525772 +526648 3 49 1
a contact +531844 +532750 49 3 1
a contact +531844 +532750 3 49 1
a contact +537894 +538766 49 3 1
a contact +537894 +538766 3 49 1
a contact +543924 +544696 49 3 1
a contact +543924 +544696 3 49 1
a contact +549925 +550562 49 3 1
a contact +549925 +550562 3 49 1
a contact +555874 +556420 49 3 1
a contact +555874 +556420 3 49 1
a contact +561749 +562340 49 3 1
a contact +561749 +562340 3 49 1
a contact +567602 +568324 49 3 1
a contact +567602 +568324 3 49 1
a contact +573500 +574345 49 3 1
a contact +573500 +574345 3 49 1
a contact +579480 +580386 49 3 1
a contact +579480 +580386 3 49 1
a contact +585548 +586448 49 3 1
a contact +585548 +586448 3 49 1
a contact +591691 +592537 49 3 1
a contact +591691 +592537 3 49 1
a contact +597871 +598667 49 3 1
a contact +597871 +598667 3 49 1
a contact +604033 +604800 49 3 1
a contact +604033 +604800 3 49 1
a contact +18474 +19283 49 5 1
a contact +18474 +19283 5 49 1
a contact +24452 +25351 49 5 1
a contact +24452 +25351 5 49 1
a contact +30736 +31313 49 5 1
a contact +30736 +31313 5 49 1
a contact +56110 +56655 49 5 1
a contact +56110 +56655 5 49 1
a contact +62066 +62949 49 5 1
a contact +62066 +62949 5 49 1
a contact +68132 +68931 49 5 1
a contact +68132 +68931 5 49 1
a contact +102945 +103647 49 5 1
a contact +102945 +103647 5 49 1
a contact +108836 +109746 49 5 1
a contact +108836 +109746 5 49 1
a contact +115016 +115749 49 5 1
a contact +115016 +115749 5 49 1
a contact +140622 +140834 49 5 1
a contact +140622 +140834 5 49 1
a contact +146469 +147307 49 5 1
a contact +146469 +147307 5 49 1
a contact +152509 +153371 49 5 1
a contact +152509 +153371 5 49 1
a contact +158685 +159109 49 5 1
a contact +158685 +159109 5 49 1
a contact +187456 +187988 49 5 1
a contact +187456 +187988 5 49 1
a contact +193243 +194134 49 5 1
a contact +193243 +194134 5 49 1
a contact +199336 +200165 49 5 1
a contact +199336 +200165 5 49 1
a contact +230881 +231638 49 5 1
a contact +230881 +231638 5 49 1
a contact +236894 +237787 49 5 1
a contact +236894 +237787 5 49 1
a contact +243008 +243644 49 5 1
a contact +243008 +243644 5 49 1
a contact +272076 +272239 49 5 1
a contact +272076 +272239 5 49 1
a contact +277674 +278514 49 5 1
a contact +277674 +278514 5 49 1
a contact +283686 +284571 49 5 1
a contact +283686 +284571 5 49 1
a contact +290023 +290507 49 5 1
a contact +290023 +290507 5 49 1
a contact +315310 +315933 49 5 1
a contact +315310 +315933 5 49 1
a contact +321287 +322179 49 5 1
a contact +321287 +322179 5 49 1
a contact +327365 +328127 49 5 1
a contact +327365 +328127 5 49 1
a contact +362132 +362884 49 5 1
a contact +362132 +362884 5 49 1
a contact +368060 +368969 49 5 1
a contact +368060 +368969 5 49 1
a contact +374280 +374957 49 5 1
a contact +374280 +374957 5 49 1
a contact +399776 +400169 49 5 1
a contact +399776 +400169 5 49 1
a contact +405687 +406548 49 5 1
a contact +405687 +406548 5 49 1
a contact +411738 +412578 49 5 1
a contact +411738 +412578 5 49 1
a contact +417967 +418238 49 5 1
a contact +417967 +418238 5 49 1
a contact +446624 +447237 49 5 1
a contact +446624 +447237 5 49 1
a contact +452458 +453360 49 5 1
a contact +452458 +453360 5 49 1
a contact +458585 +459380 49 5 1
a contact +458585 +459380 5 49 1
a contact +490095 +490890 49 5 1
a contact +490095 +490890 5 49 1
a contact +496120 +497004 49 5 1
a contact +496120 +497004 5 49 1
a contact +502254 +502817 49 5 1
a contact +502254 +502817 5 49 1
a contact +531177 +531547 49 5 1
a contact +531177 +531547 5 49 1
a contact +536879 +537744 49 5 1
a contact +536879 +537744 5 49 1
a contact +542924 +543790 49 5 1
a contact +542924 +543790 5 49 1
a contact +549329 +549687 49 5 1
a contact +549329 +549687 5 49 1
a contact +574516 +575202 49 5 1
a contact +574516 +575202 5 49 1
a contact +580510 +581405 49 5 1
a contact +580510 +581405 5 49 1
a contact +586601 +587318 49 5 1
a contact +586601 +587318 5 49 1
a contact +638 +1441 50 3 1
a contact +638 +1441 3 50 1
a contact +6758 +7615 50 3 1
a contact +6758 +7615 3 50 1
a contact +12840 +13742 50 3 1
a contact +12840 +13742 3 50 1
a contact +18896 +19787 50 3 1
a contact +18896 +19787 3 50 1
a contact +24933 +25745 50 3 1
a contact +24933 +25745 3 50 1
a contact +30946 +31628 50 3 1
a contact +30946 +31628 3 50 1
a contact +36916 +37480 50 3 1
a contact +36916 +37480 3 50 1
a contact +42814 +43375 50 3 1
a contact +42814 +43375 3 50 1
a contact +48665 +49341 50 3 1
a contact +48665 +49341 3 50 1
a contact +54543 +55352 50 3 1
a contact +54543 +55352 3 50 1
a contact +60493 +61387 50 3 1
a contact +60493 +61387 3 50 1
a contact +66532 +67441 50 3 1
a contact +66532 +67441 3 50 1
a contact +72653 +73520 50 3 1
a contact +72653 +73520 3 50 1
a contact +78827 +79635 50 3 1
a contact +78827 +79635 3 50 1
a contact +85000 +85795 50 3 1
a contact +85000 +85795 3 50 1
a contact +91134 +91973 50 3 1
a contact +91134 +91973 3 50 1
a contact +97225 +98118 50 3 1
a contact +97225 +98118 3 50 1
a contact +103288 +104189 50 3 1
a contact +103288 +104189 3 50 1
a contact +109330 +110172 50 3 1
a contact +109330 +110172 3 50 1
a contact +115351 +116074 50 3 1
a contact +115351 +116074 3 50 1
a contact +121337 +121928 50 3 1
a contact +121337 +121928 3 50 1
a contact +127257 +127804 50 3 1
a contact +127257 +127804 3 50 1
a contact +133115 +133751 50 3 1
a contact +133115 +133751 3 50 1
a contact +138978 +139751 50 3 1
a contact +138978 +139751 3 50 1
a contact +144905 +145781 50 3 1
a contact +144905 +145781 3 50 1
a contact +150918 +151829 50 3 1
a contact +150918 +151829 3 50 1
a contact +157017 +157900 50 3 1
a contact +157017 +157900 3 50 1
a contact +163180 +164003 50 3 1
a contact +163180 +164003 3 50 1
a contact +169359 +170150 50 3 1
a contact +169359 +170150 3 50 1
a contact +175505 +176328 50 3 1
a contact +175505 +176328 3 50 1
a contact +181608 +182488 50 3 1
a contact +181608 +182488 3 50 1
a contact +187678 +188583 50 3 1
a contact +187678 +188583 3 50 1
a contact +193726 +194592 50 3 1
a contact +193726 +194592 3 50 1
a contact +199754 +200516 50 3 1
a contact +199754 +200516 3 50 1
a contact +205752 +206379 50 3 1
a contact +205752 +206379 3 50 1
a contact +211695 +212240 50 3 1
a contact +211695 +212240 3 50 1
a contact +217566 +218165 50 3 1
a contact +217566 +218165 3 50 1
a contact +223420 +224153 50 3 1
a contact +223420 +224153 3 50 1
a contact +229324 +230176 50 3 1
a contact +229324 +230176 3 50 1
a contact +235311 +236219 50 3 1
a contact +235311 +236219 3 50 1
a contact +241385 +242282 50 3 1
a contact +241385 +242282 3 50 1
a contact +247534 +248374 50 3 1
a contact +247534 +248374 3 50 1
a contact +253714 +254508 50 3 1
a contact +253714 +254508 3 50 1
a contact +259873 +260681 50 3 1
a contact +259873 +260681 3 50 1
a contact +265988 +266852 50 3 1
a contact +265988 +266852 3 50 1
a contact +272066 +272970 50 3 1
a contact +272066 +272970 3 50 1
a contact +278120 +279005 50 3 1
a contact +278120 +279005 3 50 1
a contact +284154 +284952 50 3 1
a contact +284154 +284952 3 50 1
a contact +290163 +290828 50 3 1
a contact +290163 +290828 3 50 1
a contact +296125 +296682 50 3 1
a contact +296125 +296682 3 50 1
a contact +302015 +302585 50 3 1
a contact +302015 +302585 3 50 1
a contact +307865 +308558 50 3 1
a contact +307865 +308558 3 50 1
a contact +313750 +314573 50 3 1
a contact +313750 +314573 3 50 1
a contact +319711 +320610 50 3 1
a contact +319711 +320610 3 50 1
a contact +325761 +326667 50 3 1
a contact +325761 +326667 3 50 1
a contact +331890 +332750 50 3 1
a contact +331890 +332750 3 50 1
a contact +338067 +338870 50 3 1
a contact +338067 +338870 3 50 1
a contact +344237 +345034 50 3 1
a contact +344237 +345034 3 50 1
a contact +350364 +351211 50 3 1
a contact +350364 +351211 3 50 1
a contact +356452 +357349 50 3 1
a contact +356452 +357349 3 50 1
a contact +362512 +363410 50 3 1
a contact +362512 +363410 3 50 1
a contact +368552 +369382 50 3 1
a contact +368552 +369382 3 50 1
a contact +374570 +375276 50 3 1
a contact +374570 +375276 3 50 1
a contact +380549 +381129 50 3 1
a contact +380549 +381129 3 50 1
a contact +386460 +387011 50 3 1
a contact +386460 +387011 3 50 1
a contact +392315 +392966 50 3 1
a contact +392315 +392966 3 50 1
a contact +398183 +398972 50 3 1
a contact +398183 +398972 3 50 1
a contact +404120 +405003 50 3 1
a contact +404120 +405003 3 50 1
a contact +410143 +411054 50 3 1
a contact +410143 +411054 3 50 1
a contact +416251 +417128 50 3 1
a contact +416251 +417128 3 50 1
a contact +422419 +423236 50 3 1
a contact +422419 +423236 3 50 1
a contact +428597 +429388 50 3 1
a contact +428597 +429388 3 50 1
a contact +434738 +435567 50 3 1
a contact +434738 +435567 3 50 1
a contact +440835 +441721 50 3 1
a contact +440835 +441721 3 50 1
a contact +446902 +447807 50 3 1
a contact +446902 +447807 3 50 1
a contact +452948 +453805 50 3 1
a contact +452948 +453805 3 50 1
a contact +458973 +459720 50 3 1
a contact +458973 +459720 3 50 1
a contact +464967 +465578 50 3 1
a contact +464967 +465578 3 50 1
a contact +470900 +471444 50 3 1
a contact +470900 +471444 3 50 1
a contact +476765 +477379 50 3 1
a contact +476765 +477379 3 50 1
a contact +482622 +483373 50 3 1
a contact +482622 +483373 3 50 1
a contact +488535 +489398 50 3 1
a contact +488535 +489398 3 50 1
a contact +494533 +495443 50 3 1
a contact +494533 +495443 3 50 1
a contact +500618 +501510 50 3 1
a contact +500618 +501510 3 50 1
a contact +506773 +507606 50 3 1
a contact +506773 +507606 3 50 1
a contact +512953 +513745 50 3 1
a contact +512953 +513745 3 50 1
a contact +519107 +519921 50 3 1
a contact +519107 +519921 3 50 1
a contact +525217 +526088 50 3 1
a contact +525217 +526088 3 50 1
a contact +531291 +532196 50 3 1
a contact +531291 +532196 3 50 1
a contact +537343 +538221 50 3 1
a contact +537343 +538221 3 50 1
a contact +543374 +544158 50 3 1
a contact +543374 +544158 3 50 1
a contact +549379 +550028 50 3 1
a contact +549379 +550028 3 50 1
a contact +555334 +555884 50 3 1
a contact +555334 +555884 3 50 1
a contact +561215 +561796 50 3 1
a contact +561215 +561796 3 50 1
a contact +567066 +567776 50 3 1
a contact +567066 +567776 3 50 1
a contact +572959 +573794 50 3 1
a contact +572959 +573794 3 50 1
a contact +578930 +579834 50 3 1
a contact +578930 +579834 3 50 1
a contact +584990 +585894 50 3 1
a contact +584990 +585894 3 50 1
a contact +591128 +591980 50 3 1
a contact +591128 +591980 3 50 1
a contact +597307 +598106 50 3 1
a contact +597307 +598106 3 50 1
a contact +603473 +604274 50 3 1
a contact +603473 +604274 3 50 1
a contact +17944 +18724 50 5 1
a contact +17944 +18724 5 50 1
a contact +23895 +24800 50 5 1
a contact +23895 +24800 5 50 1
a contact +30144 +30778 50 5 1
a contact +30144 +30778 5 50 1
a contact +55581 +56054 50 5 1
a contact +55581 +56054 5 50 1
a contact +61516 +62389 50 5 1
a contact +61516 +62389 5 50 1
a contact +67574 +68397 50 5 1
a contact +67574 +68397 5 50 1
a contact +102425 +103082 50 5 1
a contact +102425 +103082 5 50 1
a contact +108286 +109193 50 5 1
a contact +108286 +109193 5 50 1
a contact +114438 +115206 50 5 1
a contact +114438 +115206 5 50 1
a contact +145922 +146739 50 5 1
a contact +145922 +146739 5 50 1
a contact +151954 +152829 50 5 1
a contact +151954 +152829 5 50 1
a contact +158106 +158610 50 5 1
a contact +158106 +158610 5 50 1
a contact +186955 +187410 50 5 1
a contact +186955 +187410 5 50 1
a contact +192701 +193579 50 5 1
a contact +192701 +193579 5 50 1
a contact +198768 +199619 50 5 1
a contact +198768 +199619 5 50 1
a contact +205240 +205469 50 5 1
a contact +205240 +205469 5 50 1
a contact +230339 +231060 50 5 1
a contact +230339 +231060 5 50 1
a contact +236342 +237237 50 5 1
a contact +236342 +237237 5 50 1
a contact +242443 +243124 50 5 1
a contact +242443 +243124 5 50 1
a contact +277140 +277957 50 5 1
a contact +277140 +277957 5 50 1
a contact +283126 +284022 50 5 1
a contact +283126 +284022 5 50 1
a contact +289422 +289978 50 5 1
a contact +289422 +289978 5 50 1
a contact +314775 +315341 50 5 1
a contact +314775 +315341 5 50 1
a contact +320737 +321622 50 5 1
a contact +320737 +321622 5 50 1
a contact +326806 +327597 50 5 1
a contact +326806 +327597 5 50 1
a contact +361607 +362322 50 5 1
a contact +361607 +362322 5 50 1
a contact +367508 +368417 50 5 1
a contact +367508 +368417 5 50 1
a contact +373697 +374417 50 5 1
a contact +373697 +374417 5 50 1
a contact +399271 +399540 50 5 1
a contact +399271 +399540 5 50 1
a contact +405139 +405983 50 5 1
a contact +405139 +405983 5 50 1
a contact +411182 +412039 50 5 1
a contact +411182 +412039 5 50 1
a contact +417368 +417761 50 5 1
a contact +417368 +417761 5 50 1
a contact +446114 +446666 50 5 1
a contact +446114 +446666 5 50 1
a contact +451912 +452806 50 5 1
a contact +451912 +452806 5 50 1
a contact +458014 +458835 50 5 1
a contact +458014 +458835 5 50 1
a contact +489551 +490317 50 5 1
a contact +489551 +490317 5 50 1
a contact +495567 +496457 50 5 1
a contact +495567 +496457 5 50 1
a contact +501685 +502304 50 5 1
a contact +501685 +502304 5 50 1
a contact +530708 +530941 50 5 1
a contact +530708 +530941 5 50 1
a contact +536341 +537187 50 5 1
a contact +536341 +537187 5 50 1
a contact +542360 +543242 50 5 1
a contact +542360 +543242 5 50 1
a contact +548713 +549170 50 5 1
a contact +548713 +549170 5 50 1
a contact +573977 +574617 50 5 1
a contact +573977 +574617 5 50 1
a contact +579958 +580852 50 5 1
a contact +579958 +580852 5 50 1
a contact +586040 +586791 50 5 1
a contact +586040 +586791 5 50 1
a contact +78 +878 51 3 1
a contact +78 +878 3 51 1
a contact +6202 +7054 51 3 1
a contact +6202 +7054 3 51 1
a contact +12287 +13186 51 3 1
a contact +12287 +13186 3 51 1
a contact +18345 +19240 51 3 1
a contact +18345 +19240 3 51 1
a contact +24383 +25205 51 3 1
a contact +24383 +25205 3 51 1
a contact +30399 +31094 51 3 1
a contact +30399 +31094 3 51 1
a contact +36374 +36946 51 3 1
a contact +36374 +36946 3 51 1
a contact +42279 +42834 51 3 1
a contact +42279 +42834 3 51 1
a contact +48132 +48795 51 3 1
a contact +48132 +48795 3 51 1
a contact +54004 +54803 51 3 1
a contact +54004 +54803 3 51 1
a contact +59947 +60836 51 3 1
a contact +59947 +60836 3 51 1
a contact +65978 +66889 51 3 1
a contact +65978 +66889 3 51 1
a contact +72093 +72965 51 3 1
a contact +72093 +72965 3 51 1
a contact +78264 +79076 51 3 1
a contact +78264 +79076 3 51 1
a contact +84439 +85232 51 3 1
a contact +84439 +85232 3 51 1
a contact +90576 +91411 51 3 1
a contact +90576 +91411 3 51 1
a contact +96671 +97561 51 3 1
a contact +96671 +97561 3 51 1
a contact +102736 +103639 51 3 1
a contact +102736 +103639 3 51 1
a contact +108780 +109630 51 3 1
a contact +108780 +109630 3 51 1
a contact +114804 +115539 51 3 1
a contact +114804 +115539 3 51 1
a contact +120794 +121395 51 3 1
a contact +120794 +121395 3 51 1
a contact +126721 +127265 51 3 1
a contact +126721 +127265 3 51 1
a contact +132582 +133206 51 3 1
a contact +132582 +133206 3 51 1
a contact +138442 +139203 51 3 1
a contact +138442 +139203 3 51 1
a contact +144361 +145230 51 3 1
a contact +144361 +145230 3 51 1
a contact +150366 +151277 51 3 1
a contact +150366 +151277 3 51 1
a contact +156458 +157345 51 3 1
a contact +156458 +157345 3 51 1
a contact +162616 +163445 51 3 1
a contact +162616 +163445 3 51 1
a contact +168796 +169588 51 3 1
a contact +168796 +169588 3 51 1
a contact +174947 +175765 51 3 1
a contact +174947 +175765 3 51 1
a contact +181053 +181929 51 3 1
a contact +181053 +181929 3 51 1
a contact +187125 +188031 51 3 1
a contact +187125 +188031 3 51 1
a contact +193175 +194048 51 3 1
a contact +193175 +194048 3 51 1
a contact +199205 +199979 51 3 1
a contact +199205 +199979 3 51 1
a contact +205207 +205845 51 3 1
a contact +205207 +205845 3 51 1
a contact +211156 +211703 51 3 1
a contact +211156 +211703 3 51 1
a contact +217032 +217622 51 3 1
a contact +217032 +217622 3 51 1
a contact +222885 +223606 51 3 1
a contact +222885 +223606 3 51 1
a contact +228783 +229626 51 3 1
a contact +228783 +229626 3 51 1
a contact +234761 +235667 51 3 1
a contact +234761 +235667 3 51 1
a contact +240828 +241729 51 3 1
a contact +240828 +241729 3 51 1
a contact +246971 +247818 51 3 1
a contact +246971 +247818 3 51 1
a contact +253151 +253947 51 3 1
a contact +253151 +253947 3 51 1
a contact +259314 +260118 51 3 1
a contact +259314 +260118 3 51 1
a contact +265432 +266291 51 3 1
a contact +265432 +266291 3 51 1
a contact +271513 +272415 51 3 1
a contact +271513 +272415 3 51 1
a contact +277569 +278458 51 3 1
a contact +277569 +278458 3 51 1
a contact +283605 +284413 51 3 1
a contact +283605 +284413 3 51 1
a contact +289617 +290295 51 3 1
a contact +289617 +290295 3 51 1
a contact +295585 +296147 51 3 1
a contact +295585 +296147 3 51 1
a contact +301481 +302044 51 3 1
a contact +301481 +302044 3 51 1
a contact +307332 +308012 51 3 1
a contact +307332 +308012 3 51 1
a contact +313211 +314024 51 3 1
a contact +313211 +314024 3 51 1
a contact +319164 +320059 51 3 1
a contact +319164 +320059 3 51 1
a contact +325206 +326114 51 3 1
a contact +325206 +326114 3 51 1
a contact +331329 +332194 51 3 1
a contact +331329 +332194 3 51 1
a contact +337504 +338310 51 3 1
a contact +337504 +338310 3 51 1
a contact +343676 +344471 51 3 1
a contact +343676 +344471 3 51 1
a contact +349808 +350649 51 3 1
a contact +349808 +350649 3 51 1
a contact +355898 +356792 51 3 1
a contact +355898 +356792 3 51 1
a contact +361960 +362861 51 3 1
a contact +361960 +362861 3 51 1
a contact +368002 +368841 51 3 1
a contact +368002 +368841 3 51 1
a contact +374022 +374741 51 3 1
a contact +374022 +374741 3 51 1
a contact +380007 +380595 51 3 1
a contact +380007 +380595 3 51 1
a contact +385925 +386472 51 3 1
a contact +385925 +386472 3 51 1
a contact +391782 +392421 51 3 1
a contact +391782 +392421 3 51 1
a contact +397646 +398423 51 3 1
a contact +397646 +398423 3 51 1
a contact +403575 +404453 51 3 1
a contact +403575 +404453 3 51 1
a contact +409590 +410502 51 3 1
a contact +409590 +410502 3 51 1
a contact +415692 +416573 51 3 1
a contact +415692 +416573 3 51 1
a contact +421856 +422678 51 3 1
a contact +421856 +422678 3 51 1
a contact +428035 +428826 51 3 1
a contact +428035 +428826 3 51 1
a contact +434180 +435004 51 3 1
a contact +434180 +435004 3 51 1
a contact +440281 +441163 51 3 1
a contact +440281 +441163 3 51 1
a contact +446350 +447256 51 3 1
a contact +446350 +447256 3 51 1
a contact +452398 +453262 51 3 1
a contact +452398 +453262 3 51 1
a contact +458425 +459184 51 3 1
a contact +458425 +459184 3 51 1
a contact +464423 +465045 51 3 1
a contact +464423 +465045 3 51 1
a contact +470363 +470907 51 3 1
a contact +470363 +470907 3 51 1
a contact +476232 +476835 51 3 1
a contact +476232 +476835 3 51 1
a contact +482087 +482825 51 3 1
a contact +482087 +482825 3 51 1
a contact +487993 +488848 51 3 1
a contact +487993 +488848 3 51 1
a contact +493983 +494892 51 3 1
a contact +493983 +494892 3 51 1
a contact +500060 +500956 51 3 1
a contact +500060 +500956 3 51 1
a contact +506210 +507049 51 3 1
a contact +506210 +507049 3 51 1
a contact +512390 +513184 51 3 1
a contact +512390 +513184 3 51 1
a contact +518548 +519357 51 3 1
a contact +518548 +519357 3 51 1
a contact +524661 +525528 51 3 1
a contact +524661 +525528 3 51 1
a contact +530739 +531643 51 3 1
a contact +530739 +531643 3 51 1
a contact +536792 +537675 51 3 1
a contact +536792 +537675 3 51 1
a contact +542826 +543620 51 3 1
a contact +542826 +543620 3 51 1
a contact +548834 +549495 51 3 1
a contact +548834 +549495 3 51 1
a contact +554794 +555349 51 3 1
a contact +554794 +555349 3 51 1
a contact +560682 +561254 51 3 1
a contact +560682 +561254 3 51 1
a contact +566532 +567229 51 3 1
a contact +566532 +567229 3 51 1
a contact +572419 +573245 51 3 1
a contact +572419 +573245 3 51 1
a contact +578382 +579283 51 3 1
a contact +578382 +579283 3 51 1
a contact +584435 +585340 51 3 1
a contact +584435 +585340 3 51 1
a contact +590566 +591424 51 3 1
a contact +590566 +591424 3 51 1
a contact +596744 +597545 51 3 1
a contact +596744 +597545 3 51 1
a contact +602912 +603710 51 3 1
a contact +602912 +603710 3 51 1
a contact +17416 +18164 51 5 1
a contact +17416 +18164 5 51 1
a contact +23341 +24250 51 5 1
a contact +23341 +24250 5 51 1
a contact +29557 +30240 51 5 1
a contact +29557 +30240 5 51 1
a contact +55061 +55443 51 5 1
a contact +55061 +55443 5 51 1
a contact +60969 +61828 51 5 1
a contact +60969 +61828 5 51 1
a contact +67019 +67861 51 5 1
a contact +67019 +67861 5 51 1
a contact +73242 +73529 51 5 1
a contact +73242 +73529 5 51 1
a contact +101910 +102516 51 5 1
a contact +101910 +102516 5 51 1
a contact +107740 +108641 51 5 1
a contact +107740 +108641 5 51 1
a contact +113864 +114662 51 5 1
a contact +113864 +114662 5 51 1
a contact +145377 +146169 51 5 1
a contact +145377 +146169 5 51 1
a contact +151401 +152286 51 5 1
a contact +151401 +152286 5 51 1
a contact +157533 +158103 51 5 1
a contact +157533 +158103 5 51 1
a contact +186466 +186824 51 5 1
a contact +186466 +186824 5 51 1
a contact +192162 +193024 51 5 1
a contact +192162 +193024 5 51 1
a contact +198203 +199072 51 5 1
a contact +198203 +199072 5 51 1
a contact +204602 +204973 51 5 1
a contact +204602 +204973 5 51 1
a contact +229799 +230480 51 5 1
a contact +229799 +230480 5 51 1
a contact +235791 +236686 51 5 1
a contact +235791 +236686 5 51 1
a contact +241881 +242602 51 5 1
a contact +241881 +242602 5 51 1
a contact +276609 +277399 51 5 1
a contact +276609 +277399 5 51 1
a contact +282569 +283472 51 5 1
a contact +282569 +283472 5 51 1
a contact +288829 +289445 51 5 1
a contact +288829 +289445 5 51 1
a contact +314245 +314743 51 5 1
a contact +314245 +314743 5 51 1
a contact +320188 +321064 51 5 1
a contact +320188 +321064 5 51 1
a contact +326249 +327064 51 5 1
a contact +326249 +327064 5 51 1
a contact +361087 +361759 51 5 1
a contact +361087 +361759 5 51 1
a contact +366958 +367866 51 5 1
a contact +366958 +367866 5 51 1
a contact +373119 +373875 51 5 1
a contact +373119 +373875 5 51 1
a contact +404593 +405417 51 5 1
a contact +404593 +405417 5 51 1
a contact +410628 +411499 51 5 1
a contact +410628 +411499 5 51 1
a contact +416786 +417266 51 5 1
a contact +416786 +417266 5 51 1
a contact +445610 +446092 51 5 1
a contact +445610 +446092 5 51 1
a contact +451370 +452253 51 5 1
a contact +451370 +452253 5 51 1
a contact +457445 +458289 51 5 1
a contact +457445 +458289 5 51 1
a contact +463955 +464110 51 5 1
a contact +463955 +464110 5 51 1
a contact +489008 +489741 51 5 1
a contact +489008 +489741 5 51 1
a contact +495015 +495909 51 5 1
a contact +495015 +495909 5 51 1
a contact +501120 +501787 51 5 1
a contact +501120 +501787 5 51 1
a contact +535806 +536631 51 5 1
a contact +535806 +536631 5 51 1
a contact +541801 +542693 51 5 1
a contact +541801 +542693 5 51 1
a contact +548109 +548644 51 5 1
a contact +548109 +548644 5 51 1
a contact +573441 +574027 51 5 1
a contact +573441 +574027 5 51 1
a contact +579409 +580297 51 5 1
a contact +579409 +580297 5 51 1
a contact +585481 +586263 51 5 1
a contact +585481 +586263 5 51 1
a contact +0 +316 52 3 1
a contact +0 +316 3 52 1
a contact +5647 +6493 52 3 1
a contact +5647 +6493 3 52 1
a contact +11735 +12631 52 3 1
a contact +11735 +12631 3 52 1
a contact +17795 +18693 52 3 1
a contact +17795 +18693 3 52 1
a contact +23835 +24666 52 3 1
a contact +23835 +24666 3 52 1
a contact +29853 +30561 52 3 1
a contact +29853 +30561 3 52 1
a contact +35833 +36414 52 3 1
a contact +35833 +36414 3 52 1
a contact +41745 +42295 52 3 1
a contact +41745 +42295 3 52 1
a contact +47600 +48250 52 3 1
a contact +47600 +48250 3 52 1
a contact +53468 +54255 52 3 1
a contact +53468 +54255 3 52 1
a contact +59403 +60286 52 3 1
a contact +59403 +60286 3 52 1
a contact +65426 +66337 52 3 1
a contact +65426 +66337 3 52 1
a contact +71534 +72411 52 3 1
a contact +71534 +72411 3 52 1
a contact +77701 +78518 52 3 1
a contact +77701 +78518 3 52 1
a contact +83879 +84670 52 3 1
a contact +83879 +84670 3 52 1
a contact +90020 +90849 52 3 1
a contact +90020 +90849 3 52 1
a contact +96118 +97004 52 3 1
a contact +96118 +97004 3 52 1
a contact +102185 +103090 52 3 1
a contact +102185 +103090 3 52 1
a contact +108231 +109089 52 3 1
a contact +108231 +109089 3 52 1
a contact +114257 +115004 52 3 1
a contact +114257 +115004 3 52 1
a contact +120251 +120863 52 3 1
a contact +120251 +120863 3 52 1
a contact +126185 +126729 52 3 1
a contact +126185 +126729 3 52 1
a contact +132050 +132663 52 3 1
a contact +132050 +132663 3 52 1
a contact +137907 +138656 52 3 1
a contact +137907 +138656 3 52 1
a contact +143819 +144681 52 3 1
a contact +143819 +144681 3 52 1
a contact +149816 +150726 52 3 1
a contact +149816 +150726 3 52 1
a contact +155900 +156792 52 3 1
a contact +155900 +156792 3 52 1
a contact +162054 +162888 52 3 1
a contact +162054 +162888 3 52 1
a contact +168235 +169027 52 3 1
a contact +168235 +169027 3 52 1
a contact +174390 +175202 52 3 1
a contact +174390 +175202 3 52 1
a contact +180499 +181370 52 3 1
a contact +180499 +181370 3 52 1
a contact +186574 +187479 52 3 1
a contact +186574 +187479 3 52 1
a contact +192626 +193504 52 3 1
a contact +192626 +193504 3 52 1
a contact +198658 +199443 52 3 1
a contact +198658 +199443 3 52 1
a contact +204663 +205313 52 3 1
a contact +204663 +205313 3 52 1
a contact +210618 +211169 52 3 1
a contact +210618 +211169 3 52 1
a contact +216500 +217080 52 3 1
a contact +216500 +217080 3 52 1
a contact +222351 +223060 52 3 1
a contact +222351 +223060 3 52 1
a contact +228243 +229077 52 3 1
a contact +228243 +229077 3 52 1
a contact +234214 +235117 52 3 1
a contact +234214 +235117 3 52 1
a contact +240273 +241176 52 3 1
a contact +240273 +241176 3 52 1
a contact +246410 +247262 52 3 1
a contact +246410 +247262 3 52 1
a contact +252589 +253388 52 3 1
a contact +252589 +253388 3 52 1
a contact +258755 +259555 52 3 1
a contact +258755 +259555 3 52 1
a contact +264877 +265731 52 3 1
a contact +264877 +265731 3 52 1
a contact +270961 +271861 52 3 1
a contact +270961 +271861 3 52 1
a contact +277019 +277912 52 3 1
a contact +277019 +277912 3 52 1
a contact +283056 +283875 52 3 1
a contact +283056 +283875 3 52 1
a contact +289071 +289762 52 3 1
a contact +289071 +289762 3 52 1
a contact +295045 +295614 52 3 1
a contact +295045 +295614 3 52 1
a contact +300947 +301504 52 3 1
a contact +300947 +301504 3 52 1
a contact +306799 +307467 52 3 1
a contact +306799 +307467 3 52 1
a contact +312674 +313476 52 3 1
a contact +312674 +313476 3 52 1
a contact +318619 +319510 52 3 1
a contact +318619 +319510 3 52 1
a contact +324653 +325563 52 3 1
a contact +324653 +325563 3 52 1
a contact +330769 +331640 52 3 1
a contact +330769 +331640 3 52 1
a contact +336941 +337752 52 3 1
a contact +336941 +337752 3 52 1
a contact +343116 +343909 52 3 1
a contact +343116 +343909 3 52 1
a contact +349252 +350088 52 3 1
a contact +349252 +350088 3 52 1
a contact +355346 +356236 52 3 1
a contact +355346 +356236 3 52 1
a contact +361410 +362312 52 3 1
a contact +361410 +362312 3 52 1
a contact +367453 +368301 52 3 1
a contact +367453 +368301 3 52 1
a contact +373476 +374207 52 3 1
a contact +373476 +374207 3 52 1
a contact +379465 +380063 52 3 1
a contact +379465 +380063 3 52 1
a contact +385390 +385935 52 3 1
a contact +385390 +385935 3 52 1
a contact +391250 +391877 52 3 1
a contact +391250 +391877 3 52 1
a contact +397110 +397876 52 3 1
a contact +397110 +397876 3 52 1
a contact +403032 +403904 52 3 1
a contact +403032 +403904 3 52 1
a contact +409040 +409951 52 3 1
a contact +409040 +409951 3 52 1
a contact +415134 +416020 52 3 1
a contact +415134 +416020 3 52 1
a contact +421294 +422121 52 3 1
a contact +421294 +422121 3 52 1
a contact +427474 +428265 52 3 1
a contact +427474 +428265 3 52 1
a contact +433623 +434442 52 3 1
a contact +433623 +434442 3 52 1
a contact +439728 +440605 52 3 1
a contact +439728 +440605 3 52 1
a contact +445799 +446705 52 3 1
a contact +445799 +446705 3 52 1
a contact +451849 +452719 52 3 1
a contact +451849 +452719 3 52 1
a contact +457878 +458648 52 3 1
a contact +457878 +458648 3 52 1
a contact +463879 +464513 52 3 1
a contact +463879 +464513 3 52 1
a contact +469826 +470372 52 3 1
a contact +469826 +470372 3 52 1
a contact +475700 +476293 52 3 1
a contact +475700 +476293 3 52 1
a contact +481553 +482278 52 3 1
a contact +481553 +482278 3 52 1
a contact +487453 +488299 52 3 1
a contact +487453 +488299 3 52 1
a contact +493434 +494341 52 3 1
a contact +493434 +494341 3 52 1
a contact +499504 +500403 52 3 1
a contact +499504 +500403 3 52 1
a contact +505648 +506493 52 3 1
a contact +505648 +506493 3 52 1
a contact +511828 +512624 52 3 1
a contact +511828 +512624 3 52 1
a contact +517990 +518795 52 3 1
a contact +517990 +518795 3 52 1
a contact +524107 +524968 52 3 1
a contact +524107 +524968 3 52 1
a contact +530187 +531090 52 3 1
a contact +530187 +531090 3 52 1
a contact +536242 +537130 52 3 1
a contact +536242 +537130 3 52 1
a contact +542278 +543083 52 3 1
a contact +542278 +543083 3 52 1
a contact +548289 +548963 52 3 1
a contact +548289 +548963 3 52 1
a contact +554255 +554815 52 3 1
a contact +554255 +554815 3 52 1
a contact +560149 +560714 52 3 1
a contact +560149 +560714 3 52 1
a contact +566000 +566684 52 3 1
a contact +566000 +566684 3 52 1
a contact +571881 +572696 52 3 1
a contact +571881 +572696 3 52 1
a contact +577836 +578733 52 3 1
a contact +577836 +578733 3 52 1
a contact +583881 +584789 52 3 1
a contact +583881 +584789 3 52 1
a contact +590006 +590869 52 3 1
a contact +590006 +590869 3 52 1
a contact +596181 +596987 52 3 1
a contact +596181 +596987 3 52 1
a contact +602353 +603148 52 3 1
a contact +602353 +603148 3 52 1
a contact +16893 +17604 52 5 1
a contact +16893 +17604 5 52 1
a contact +22791 +23700 52 5 1
a contact +22791 +23700 5 52 1
a contact +28977 +29701 52 5 1
a contact +28977 +29701 5 52 1
a contact +54561 +54812 52 5 1
a contact +54561 +54812 5 52 1
a contact +60423 +61265 52 5 1
a contact +60423 +61265 5 52 1
a contact +66465 +67324 52 5 1
a contact +66465 +67324 5 52 1
a contact +72647 +73051 52 5 1
a contact +72647 +73051 5 52 1
a contact +101401 +101947 52 5 1
a contact +101401 +101947 5 52 1
a contact +107196 +108089 52 5 1
a contact +107196 +108089 5 52 1
a contact +113295 +114119 52 5 1
a contact +113295 +114119 5 52 1
a contact +144835 +145598 52 5 1
a contact +144835 +145598 5 52 1
a contact +150850 +151741 52 5 1
a contact +150850 +151741 5 52 1
a contact +156966 +157591 52 5 1
a contact +156966 +157591 5 52 1
a contact +186003 +186215 52 5 1
a contact +186003 +186215 5 52 1
a contact +191626 +192470 52 5 1
a contact +191626 +192470 5 52 1
a contact +197642 +198525 52 5 1
a contact +197642 +198525 5 52 1
a contact +203990 +204456 52 5 1
a contact +203990 +204456 5 52 1
a contact +229262 +229896 52 5 1
a contact +229262 +229896 5 52 1
a contact +235242 +236134 52 5 1
a contact +235242 +236134 5 52 1
a contact +241322 +242077 52 5 1
a contact +241322 +242077 5 52 1
a contact +276082 +276841 52 5 1
a contact +276082 +276841 5 52 1
a contact +282015 +282923 52 5 1
a contact +282015 +282923 5 52 1
a contact +288242 +288909 52 5 1
a contact +288242 +288909 5 52 1
a contact +313723 +314138 52 5 1
a contact +313723 +314138 5 52 1
a contact +319641 +320505 52 5 1
a contact +319641 +320505 5 52 1
a contact +325694 +326530 52 5 1
a contact +325694 +326530 5 52 1
a contact +331936 +332172 52 5 1
a contact +331936 +332172 5 52 1
a contact +360571 +361195 52 5 1
a contact +360571 +361195 5 52 1
a contact +366412 +367315 52 5 1
a contact +366412 +367315 5 52 1
a contact +372545 +373333 52 5 1
a contact +372545 +373333 5 52 1
a contact +404049 +404849 52 5 1
a contact +404049 +404849 5 52 1
a contact +410075 +410957 52 5 1
a contact +410075 +410957 5 52 1
a contact +416213 +416763 52 5 1
a contact +416213 +416763 5 52 1
a contact +445117 +445510 52 5 1
a contact +445117 +445510 5 52 1
a contact +450831 +451699 52 5 1
a contact +450831 +451699 5 52 1
a contact +456881 +457744 52 5 1
a contact +456881 +457744 5 52 1
a contact +463301 +463632 52 5 1
a contact +463301 +463632 5 52 1
a contact +488468 +489163 52 5 1
a contact +488468 +489163 5 52 1
a contact +494464 +495360 52 5 1
a contact +494464 +495360 5 52 1
a contact +500558 +501266 52 5 1
a contact +500558 +501266 5 52 1
a contact +535275 +536075 52 5 1
a contact +535275 +536075 5 52 1
a contact +541244 +542145 52 5 1
a contact +541244 +542145 5 52 1
a contact +547515 +548113 52 5 1
a contact +547515 +548113 5 52 1
a contact +572911 +573433 52 5 1
a contact +572911 +573433 5 52 1
a contact +578861 +579740 52 5 1
a contact +578861 +579740 5 52 1
a contact +584924 +585732 52 5 1
a contact +584924 +585732 5 52 1
a contact +5093 +5933 53 3 1
a contact +5093 +5933 3 53 1
a contact +11183 +12077 53 3 1
a contact +11183 +12077 3 53 1
a contact +17246 +18146 53 3 1
a contact +17246 +18146 3 53 1
a contact +23288 +24128 53 3 1
a contact +23288 +24128 3 53 1
a contact +29308 +30028 53 3 1
a contact +29308 +30028 3 53 1
a contact +35293 +35882 53 3 1
a contact +35293 +35882 3 53 1
a contact +41212 +41759 53 3 1
a contact +41212 +41759 3 53 1
a contact +47069 +47707 53 3 1
a contact +47069 +47707 3 53 1
a contact +52933 +53709 53 3 1
a contact +52933 +53709 3 53 1
a contact +58861 +59738 53 3 1
a contact +58861 +59738 3 53 1
a contact +64876 +65787 53 3 1
a contact +64876 +65787 3 53 1
a contact +70976 +71858 53 3 1
a contact +70976 +71858 3 53 1
a contact +77140 +77962 53 3 1
a contact +77140 +77962 3 53 1
a contact +83319 +84110 53 3 1
a contact +83319 +84110 3 53 1
a contact +89465 +90288 53 3 1
a contact +89465 +90288 3 53 1
a contact +95566 +96447 53 3 1
a contact +95566 +96447 3 53 1
a contact +101636 +102541 53 3 1
a contact +101636 +102541 3 53 1
a contact +107683 +108548 53 3 1
a contact +107683 +108548 3 53 1
a contact +113711 +114470 53 3 1
a contact +113711 +114470 3 53 1
a contact +119709 +120332 53 3 1
a contact +119709 +120332 3 53 1
a contact +125650 +126194 53 3 1
a contact +125650 +126194 3 53 1
a contact +131519 +132121 53 3 1
a contact +131519 +132121 3 53 1
a contact +137374 +138111 53 3 1
a contact +137374 +138111 3 53 1
a contact +143280 +144133 53 3 1
a contact +143280 +144133 3 53 1
a contact +149268 +150177 53 3 1
a contact +149268 +150177 3 53 1
a contact +155345 +156241 53 3 1
a contact +155345 +156241 3 53 1
a contact +161494 +162334 53 3 1
a contact +161494 +162334 3 53 1
a contact +167674 +168468 53 3 1
a contact +167674 +168468 3 53 1
a contact +173833 +174641 53 3 1
a contact +173833 +174641 3 53 1
a contact +179946 +180812 53 3 1
a contact +179946 +180812 3 53 1
a contact +186024 +186928 53 3 1
a contact +186024 +186928 3 53 1
a contact +192077 +192961 53 3 1
a contact +192077 +192961 3 53 1
a contact +198111 +198907 53 3 1
a contact +198111 +198907 3 53 1
a contact +204120 +204782 53 3 1
a contact +204120 +204782 3 53 1
a contact +210081 +210636 53 3 1
a contact +210081 +210636 3 53 1
a contact +215969 +216541 53 3 1
a contact +215969 +216541 3 53 1
a contact +221819 +222515 53 3 1
a contact +221819 +222515 3 53 1
a contact +227705 +228530 53 3 1
a contact +227705 +228530 3 53 1
a contact +233668 +234568 53 3 1
a contact +233668 +234568 3 53 1
a contact +239720 +240626 53 3 1
a contact +239720 +240626 3 53 1
a contact +245851 +246709 53 3 1
a contact +245851 +246709 3 53 1
a contact +252028 +252830 53 3 1
a contact +252028 +252830 3 53 1
a contact +258197 +258994 53 3 1
a contact +258197 +258994 3 53 1
a contact +264323 +265172 53 3 1
a contact +264323 +265172 3 53 1
a contact +270410 +271308 53 3 1
a contact +270410 +271308 3 53 1
a contact +276470 +277367 53 3 1
a contact +276470 +277367 3 53 1
a contact +282509 +283338 53 3 1
a contact +282509 +283338 3 53 1
a contact +288527 +289230 53 3 1
a contact +288527 +289230 3 53 1
a contact +294505 +295083 53 3 1
a contact +294505 +295083 3 53 1
a contact +300415 +300966 53 3 1
a contact +300415 +300966 3 53 1
a contact +306268 +306923 53 3 1
a contact +306268 +306923 3 53 1
a contact +312138 +312929 53 3 1
a contact +312138 +312929 3 53 1
a contact +318076 +318961 53 3 1
a contact +318076 +318961 3 53 1
a contact +324101 +325013 53 3 1
a contact +324101 +325013 3 53 1
a contact +330211 +331087 53 3 1
a contact +330211 +331087 3 53 1
a contact +336380 +337196 53 3 1
a contact +336380 +337196 3 53 1
a contact +342557 +343349 53 3 1
a contact +342557 +343349 3 53 1
a contact +348697 +349528 53 3 1
a contact +348697 +349528 3 53 1
a contact +354794 +355681 53 3 1
a contact +354794 +355681 3 53 1
a contact +360860 +361764 53 3 1
a contact +360860 +361764 3 53 1
a contact +366906 +367761 53 3 1
a contact +366906 +367761 3 53 1
a contact +372930 +373674 53 3 1
a contact +372930 +373674 3 53 1
a contact +378923 +379532 53 3 1
a contact +378923 +379532 3 53 1
a contact +384855 +385399 53 3 1
a contact +384855 +385399 3 53 1
a contact +390719 +391335 53 3 1
a contact +390719 +391335 3 53 1
a contact +396577 +397330 53 3 1
a contact +396577 +397330 3 53 1
a contact +402491 +403356 53 3 1
a contact +402491 +403356 3 53 1
a contact +408491 +409401 53 3 1
a contact +408491 +409401 3 53 1
a contact +414577 +415468 53 3 1
a contact +414577 +415468 3 53 1
a contact +420733 +421565 53 3 1
a contact +420733 +421565 3 53 1
a contact +426913 +427705 53 3 1
a contact +426913 +427705 3 53 1
a contact +433067 +433881 53 3 1
a contact +433067 +433881 3 53 1
a contact +439175 +440048 53 3 1
a contact +439175 +440048 3 53 1
a contact +445249 +446155 53 3 1
a contact +445249 +446155 3 53 1
a contact +451300 +452177 53 3 1
a contact +451300 +452177 3 53 1
a contact +457332 +458113 53 3 1
a contact +457332 +458113 3 53 1
a contact +463336 +463982 53 3 1
a contact +463336 +463982 3 53 1
a contact +469289 +469838 53 3 1
a contact +469289 +469838 3 53 1
a contact +475169 +475752 53 3 1
a contact +475169 +475752 3 53 1
a contact +481020 +481733 53 3 1
a contact +481020 +481733 3 53 1
a contact +486914 +487752 53 3 1
a contact +486914 +487752 3 53 1
a contact +492888 +493792 53 3 1
a contact +492888 +493792 3 53 1
a contact +498949 +499852 53 3 1
a contact +498949 +499852 3 53 1
a contact +505088 +505939 53 3 1
a contact +505088 +505939 3 53 1
a contact +511267 +512066 53 3 1
a contact +511267 +512066 3 53 1
a contact +517433 +518234 53 3 1
a contact +517433 +518234 3 53 1
a contact +523554 +524409 53 3 1
a contact +523554 +524409 3 53 1
a contact +529636 +530537 53 3 1
a contact +529636 +530537 3 53 1
a contact +535693 +536586 53 3 1
a contact +535693 +536586 3 53 1
a contact +541731 +542546 53 3 1
a contact +541731 +542546 3 53 1
a contact +547745 +548431 53 3 1
a contact +547745 +548431 3 53 1
a contact +553716 +554283 53 3 1
a contact +553716 +554283 3 53 1
a contact +559617 +560175 53 3 1
a contact +559617 +560175 3 53 1
a contact +565468 +566140 53 3 1
a contact +565468 +566140 3 53 1
a contact +571344 +572150 53 3 1
a contact +571344 +572150 3 53 1
a contact +577292 +578184 53 3 1
a contact +577292 +578184 3 53 1
a contact +583328 +584238 53 3 1
a contact +583328 +584238 3 53 1
a contact +589447 +590316 53 3 1
a contact +589447 +590316 3 53 1
a contact +595620 +596430 53 3 1
a contact +595620 +596430 3 53 1
a contact +601794 +602588 53 3 1
a contact +601794 +602588 3 53 1
a contact +16375 +17043 53 5 1
a contact +16375 +17043 5 53 1
a contact +22244 +23151 53 5 1
a contact +22244 +23151 5 53 1
a contact +28401 +29162 53 5 1
a contact +28401 +29162 5 53 1
a contact +59879 +60701 53 5 1
a contact +59879 +60701 5 53 1
a contact +65913 +66785 53 5 1
a contact +65913 +66785 5 53 1
a contact +72069 +72557 53 5 1
a contact +72069 +72557 5 53 1
a contact +100901 +101374 53 5 1
a contact +100901 +101374 5 53 1
a contact +106656 +107538 53 5 1
a contact +106656 +107538 5 53 1
a contact +112729 +113575 53 5 1
a contact +112729 +113575 5 53 1
a contact +119225 +119407 53 5 1
a contact +119225 +119407 5 53 1
a contact +144294 +145024 53 5 1
a contact +144294 +145024 5 53 1
a contact +150300 +151195 53 5 1
a contact +150300 +151195 5 53 1
a contact +156404 +157075 53 5 1
a contact +156404 +157075 5 53 1
a contact +191094 +191916 53 5 1
a contact +191094 +191916 5 53 1
a contact +197085 +197979 53 5 1
a contact +197085 +197979 5 53 1
a contact +203390 +203931 53 5 1
a contact +203390 +203931 5 53 1
a contact +228729 +229308 53 5 1
a contact +228729 +229308 5 53 1
a contact +234694 +235581 53 5 1
a contact +234694 +235581 5 53 1
a contact +240765 +241550 53 5 1
a contact +240765 +241550 5 53 1
a contact +275559 +276282 53 5 1
a contact +275559 +276282 5 53 1
a contact +281465 +282375 53 5 1
a contact +281465 +282375 5 53 1
a contact +287661 +288372 53 5 1
a contact +287661 +288372 5 53 1
a contact +313216 +313517 53 5 1
a contact +313216 +313517 5 53 1
a contact +319096 +319944 53 5 1
a contact +319096 +319944 5 53 1
a contact +325141 +325995 53 5 1
a contact +325141 +325995 5 53 1
a contact +331335 +331704 53 5 1
a contact +331335 +331704 5 53 1
a contact +360062 +360629 53 5 1
a contact +360062 +360629 5 53 1
a contact +365869 +366764 53 5 1
a contact +365869 +366764 5 53 1
a contact +371976 +372791 53 5 1
a contact +371976 +372791 5 53 1
a contact +403507 +404280 53 5 1
a contact +403507 +404280 5 53 1
a contact +409525 +410414 53 5 1
a contact +409525 +410414 5 53 1
a contact +415646 +416254 53 5 1
a contact +415646 +416254 5 53 1
a contact +444644 +444914 53 5 1
a contact +444644 +444914 5 53 1
a contact +450296 +451146 53 5 1
a contact +450296 +451146 5 53 1
a contact +456321 +457199 53 5 1
a contact +456321 +457199 5 53 1
a contact +462684 +463121 53 5 1
a contact +462684 +463121 5 53 1
a contact +487932 +488582 53 5 1
a contact +487932 +488582 5 53 1
a contact +493916 +494810 53 5 1
a contact +493916 +494810 5 53 1
a contact +500000 +500744 53 5 1
a contact +500000 +500744 5 53 1
a contact +534748 +535518 53 5 1
a contact +534748 +535518 5 53 1
a contact +540691 +541598 53 5 1
a contact +540691 +541598 5 53 1
a contact +546928 +547580 53 5 1
a contact +546928 +547580 5 53 1
a contact +572388 +572832 53 5 1
a contact +572388 +572832 5 53 1
a contact +578315 +579183 53 5 1
a contact +578315 +579183 5 53 1
a contact +584370 +585200 53 5 1
a contact +584370 +585200 5 53 1
a contact +590641 +590808 53 5 1
a contact +590641 +590808 5 53 1
