a contact +0 +604800 2 1 1
a contact +0 +604800 1 2 1
a contact +0 +604800 4 1 1
a contact +0 +604800 1 4 1
a contact +0 +604800 6 1 1
a contact +0 +604800 1 6 1
a contact +0 +604800 8 1 1
a contact +0 +604800 1 8 1
a contact +0 +604800 10 1 1
a contact +0 +604800 1 10 1
a contact +4069 +4733 44 2 1
a contact +4069 +4733 2 44 1
a contact +10158 +10895 44 2 1
a contact +10158 +10895 2 44 1
a contact +16221 +16983 44 2 1
a contact +16221 +16983 2 44 1
a contact +22270 +22976 44 2 1
a contact +22270 +22976 2 44 1
a contact +28310 +28875 44 2 1
a contact +28310 +28875 2 44 1
a contact +34334 +34702 44 2 1
a contact +34334 +34702 2 44 1
a contact +40298 +40538 44 2 1
a contact +40298 +40538 2 44 1
a contact +46130 +46505 44 2 1
a contact +46130 +46505 2 44 1
a contact +51956 +52530 44 2 1
a contact +51956 +52530 2 44 1
a contact +57856 +58570 44 2 1
a contact +57856 +58570 2 44 1
a contact +63851 +64619 44 2 1
a contact +63851 +64619 2 44 1
a contact +69940 +70682 44 2 1
a contact +69940 +70682 2 44 1
a contact +76104 +76770 44 2 1
a contact +76104 +76770 2 44 1
a contact +82292 +82903 44 2 1
a contact +82292 +82903 2 44 1
a contact +88442 +89083 44 2 1
a contact +88442 +89083 2 44 1
a contact +94541 +95259 44 2 1
a contact +94541 +95259 2 44 1
a contact +100610 +101373 44 2 1
a contact +100610 +101373 2 44 1
a contact +106663 +107394 44 2 1
a contact +106663 +107394 2 44 1
a contact +112705 +113320 44 2 1
a contact +112705 +113320 2 44 1
a contact +118736 +119163 44 2 1
a contact +118736 +119163 2 44 1
a contact +124728 +124981 44 2 1
a contact +124728 +124981 2 44 1
a contact +130592 +130910 44 2 1
a contact +130592 +130910 2 44 1
a contact +136407 +136926 44 2 1
a contact +136407 +136926 2 44 1
a contact +142282 +142963 44 2 1
a contact +142282 +142963 2 44 1
a contact +148248 +149009 44 2 1
a contact +148248 +149009 2 44 1
a contact +154311 +155067 44 2 1
a contact +154311 +155067 2 44 1
a contact +160457 +161146 44 2 1
a contact +160457 +161146 2 44 1
a contact +166645 +167265 44 2 1
a contact +166645 +167265 2 44 1
a contact +172809 +173434 44 2 1
a contact +172809 +173434 2 44 1
a contact +178922 +179618 44 2 1
a contact +178922 +179618 2 44 1
a contact +184998 +185754 44 2 1
a contact +184998 +185754 2 44 1
a contact +191054 +191804 44 2 1
a contact +191054 +191804 2 44 1
a contact +197100 +197757 44 2 1
a contact +197100 +197757 2 44 1
a contact +203135 +203622 44 2 1
a contact +203135 +203622 2 44 1
a contact +209145 +209436 44 2 1
a contact +209145 +209436 2 44 1
a contact +215051 +215322 44 2 1
a contact +215051 +215322 2 44 1
a contact +220864 +221324 44 2 1
a contact +220864 +221324 2 44 1
a contact +226716 +227357 44 2 1
a contact +226716 +227357 2 44 1
a contact +232654 +233401 44 2 1
a contact +232654 +233401 2 44 1
a contact +238689 +239455 44 2 1
a contact +238689 +239455 2 44 1
a contact +244813 +245526 44 2 1
a contact +244813 +245526 2 44 1
a contact +250995 +251631 44 2 1
a contact +250995 +251631 2 44 1
a contact +257172 +257786 44 2 1
a contact +257172 +257786 2 44 1
a contact +263300 +263973 44 2 1
a contact +263300 +263973 2 44 1
a contact +269384 +270128 44 2 1
a contact +269384 +270128 2 44 1
a contact +275445 +276205 44 2 1
a contact +275445 +276205 2 44 1
a contact +281493 +282187 44 2 1
a contact +281493 +282187 2 44 1
a contact +287532 +288075 44 2 1
a contact +287532 +288075 2 44 1
a contact +293553 +293897 44 2 1
a contact +293553 +293897 2 44 1
a contact +299501 +299745 44 2 1
a contact +299501 +299745 2 44 1
a contact +305325 +305724 44 2 1
a contact +305325 +305724 2 44 1
a contact +311158 +311752 44 2 1
a contact +311158 +311752 2 44 1
a contact +317068 +317793 44 2 1
a contact +317068 +317793 2 44 1
a contact +323075 +323844 44 2 1
a contact +323075 +323844 2 44 1
a contact +329175 +329909 44 2 1
a contact +329175 +329909 2 44 1
a contact +335345 +336001 44 2 1
a contact +335345 +336001 2 44 1
a contact +341531 +342141 44 2 1
a contact +341531 +342141 2 44 1
a contact +347674 +348324 44 2 1
a contact +347674 +348324 2 44 1
a contact +353769 +354495 44 2 1
a contact +353769 +354495 2 44 1
a contact +359835 +360598 44 2 1
a contact +359835 +360598 2 44 1
a contact +365886 +366608 44 2 1
a contact +365886 +366608 2 44 1
a contact +371928 +372523 44 2 1
a contact +371928 +372523 2 44 1
a contact +377956 +378359 44 2 1
a contact +377956 +378359 2 44 1
a contact +383937 +384182 44 2 1
a contact +383937 +384182 2 44 1
a contact +389787 +390127 44 2 1
a contact +389787 +390127 2 44 1
a contact +395606 +396148 44 2 1
a contact +395606 +396148 2 44 1
a contact +401491 +402186 44 2 1
a contact +401491 +402186 2 44 1
a contact +407469 +408233 44 2 1
a contact +407469 +408233 2 44 1
a contact +413542 +414294 44 2 1
a contact +413542 +414294 2 44 1
a contact +419696 +420376 44 2 1
a contact +419696 +420376 2 44 1
a contact +425885 +426500 44 2 1
a contact +425885 +426500 2 44 1
a contact +432044 +432675 44 2 1
a contact +432044 +432675 2 44 1
a contact +438151 +438856 44 2 1
a contact +438151 +438856 2 44 1
a contact +444224 +444983 44 2 1
a contact +444224 +444983 2 44 1
a contact +450278 +451021 44 2 1
a contact +450278 +451021 2 44 1
a contact +456322 +456963 44 2 1
a contact +456322 +456963 2 44 1
a contact +462356 +462819 44 2 1
a contact +462356 +462819 2 44 1
a contact +468359 +468633 44 2 1
a contact +468359 +468633 2 44 1
a contact +474248 +474536 44 2 1
a contact +474248 +474536 2 44 1
a contact +480060 +480545 44 2 1
a contact +480060 +480545 2 44 1
a contact +485921 +486580 44 2 1
a contact +485921 +486580 2 44 1
a contact +491871 +492624 44 2 1
a contact +491871 +492624 2 44 1
a contact +497917 +498680 44 2 1
a contact +497917 +498680 2 44 1
a contact +504051 +504755 44 2 1
a contact +504051 +504755 2 44 1
a contact +510236 +510864 44 2 1
a contact +510236 +510864 2 44 1
a contact +516409 +517026 44 2 1
a contact +516409 +517026 2 44 1
a contact +522530 +523212 44 2 1
a contact +522530 +523212 2 44 1
a contact +528611 +529360 44 2 1
a contact +528611 +529360 2 44 1
a contact +534670 +535426 44 2 1
a contact +534670 +535426 2 44 1
a contact +540716 +541396 44 2 1
a contact +540716 +541396 2 44 1
a contact +546753 +547274 44 2 1
a contact +546753 +547274 2 44 1
a contact +552771 +553092 44 2 1
a contact +552771 +553092 2 44 1
a contact +558702 +558954 44 2 1
a contact +558702 +558954 2 44 1
a contact +564520 +564944 44 2 1
a contact +564520 +564944 2 44 1
a contact +570360 +570974 44 2 1
a contact +570360 +570974 2 44 1
a contact +576282 +577016 44 2 1
a contact +576282 +577016 2 44 1
a contact +582300 +583068 44 2 1
a contact +582300 +583068 2 44 1
a contact +588410 +589136 44 2 1
a contact +588410 +589136 2 44 1
a contact +594586 +595233 44 2 1
a contact +594586 +595233 2 44 1
a contact +600769 +601379 44 2 1
a contact +600769 +601379 2 44 1
a contact +15500 +15771 44 4 1
a contact +15500 +15771 4 44 1
a contact +21230 +21981 44 4 1
a contact +21230 +21981 4 44 1
a contact +27347 +27995 44 4 1
a contact +27347 +27995 4 44 1
a contact +58888 +59477 44 4 1
a contact +58888 +59477 4 44 1
a contact +64885 +65633 44 4 1
a contact +64885 +65633 4 44 1
a contact +71053 +71428 44 4 1
a contact +71053 +71428 4 44 1
a contact +105662 +106358 44 4 1
a contact +105662 +106358 4 44 1
a contact +111684 +112412 44 4 1
a contact +111684 +112412 4 44 1
a contact +143344 +143748 44 4 1
a contact +143344 +143748 4 44 1
a contact +149277 +150028 44 4 1
a contact +149277 +150028 4 44 1
a contact +155376 +155947 44 4 1
a contact +155376 +155947 4 44 1
a contact +190127 +190719 44 4 1
a contact +190127 +190719 4 44 1
a contact +196051 +196815 44 4 1
a contact +196051 +196815 4 44 1
a contact +202334 +202748 44 4 1
a contact +202334 +202748 4 44 1
a contact +233680 +234396 44 4 1
a contact +233680 +234396 4 44 1
a contact +239736 +240414 44 4 1
a contact +239736 +240414 4 44 1
a contact +274641 +275047 44 4 1
a contact +274641 +275047 4 44 1
a contact +280445 +281207 44 4 1
a contact +280445 +281207 4 44 1
a contact +286604 +287204 44 4 1
a contact +286604 +287204 4 44 1
a contact +318096 +318734 44 4 1
a contact +318096 +318734 4 44 1
a contact +324112 +324848 44 4 1
a contact +324112 +324848 4 44 1
a contact +330338 +330560 44 4 1
a contact +330338 +330560 4 44 1
a contact +364866 +365589 44 4 1
a contact +364866 +365589 4 44 1
a contact +370926 +371627 44 4 1
a contact +370926 +371627 4 44 1
a contact +402535 +403031 44 4 1
a contact +402535 +403031 4 44 1
a contact +408500 +409254 44 4 1
a contact +408500 +409254 4 44 1
a contact +414622 +415127 44 4 1
a contact +414622 +415127 4 44 1
a contact +449316 +449958 44 4 1
a contact +449316 +449958 4 44 1
a contact +455281 +456035 44 4 1
a contact +455281 +456035 4 44 1
a contact +461640 +461920 44 4 1
a contact +461640 +461920 4 44 1
a contact +487052 +487228 44 4 1
a contact +487052 +487228 4 44 1
a contact +492898 +493633 44 4 1
a contact +492898 +493633 4 44 1
a contact +498970 +499611 44 4 1
a contact +498970 +499611 4 44 1
a contact +533806 +534303 44 4 1
a contact +533806 +534303 4 44 1
a contact +539665 +540432 44 4 1
a contact +539665 +540432 4 44 1
a contact +545870 +546407 44 4 1
a contact +545870 +546407 4 44 1
a contact +577308 +577984 44 4 1
a contact +577308 +577984 4 44 1
a contact +583340 +584058 44 4 1
a contact +583340 +584058 4 44 1
a contact +24110 +24834 44 6 1
a contact +24110 +24834 6 44 1
a contact +30230 +30829 44 6 1
a contact +30230 +30829 6 44 1
a contact +62100 +62576 44 6 1
a contact +62100 +62576 6 44 1
a contact +68034 +68798 44 6 1
a contact +68034 +68798 6 44 1
a contact +74259 +74541 44 6 1
a contact +74259 +74541 6 44 1
a contact +108558 +109199 44 6 1
a contact +108558 +109199 6 44 1
a contact +114556 +115261 44 6 1
a contact +114556 +115261 6 44 1
a contact +152432 +153187 44 6 1
a contact +152432 +153187 6 44 1
a contact +158540 +159101 44 6 1
a contact +158540 +159101 6 44 1
a contact +193055 +193532 44 6 1
a contact +193055 +193532 6 44 1
a contact +198922 +199670 44 6 1
a contact +198922 +199670 6 44 1
a contact +205312 +205478 44 6 1
a contact +205312 +205478 6 44 1
a contact +236847 +237542 44 6 1
a contact +236847 +237542 6 44 1
a contact +242888 +243578 44 6 1
a contact +242888 +243578 6 44 1
a contact +283322 +284062 44 6 1
a contact +283322 +284062 6 44 1
a contact +289497 +290025 44 6 1
a contact +289497 +290025 6 44 1
a contact +321289 +321853 44 6 1
a contact +321289 +321853 6 44 1
a contact +327261 +328014 44 6 1
a contact +327261 +328014 6 44 1
a contact +367754 +368437 44 6 1
a contact +367754 +368437 6 44 1
a contact +373801 +374471 44 6 1
a contact +373801 +374471 6 44 1
a contact +405803 +406072 44 6 1
a contact +405803 +406072 6 44 1
a contact +411651 +412416 44 6 1
a contact +411651 +412416 6 44 1
a contact +417796 +418272 44 6 1
a contact +417796 +418272 6 44 1
a contact +452227 +452786 44 6 1
a contact +452227 +452786 6 44 1
a contact +458153 +458889 44 6 1
a contact +458153 +458889 6 44 1
a contact +496059 +496785 44 6 1
a contact +496059 +496785 6 44 1
a contact +502126 +502773 44 6 1
a contact +502126 +502773 6 44 1
a contact +536780 +537073 44 6 1
a contact +536780 +537073 6 44 1
a contact +542538 +543288 44 6 1
a contact +542538 +543288 6 44 1
a contact +548779 +549209 44 6 1
a contact +548779 +549209 6 44 1
a contact +580487 +581117 44 6 1
a contact +580487 +581117 6 44 1
a contact +586490 +587224 44 6 1
a contact +586490 +587224 6 44 1
a contact +0 +306 44 8 1
a contact +0 +306 8 44 1
a contact +5813 +6153 44 8 1
a contact +5813 +6153 8 44 1
a contact +38514 +38840 44 8 1
a contact +38514 +38840 8 44 1
a contact +44343 +45095 44 8 1
a contact +44343 +45095 8 44 1
a contact +84028 +84661 44 8 1
a contact +84028 +84661 8 44 1
a contact +90064 +90682 44 8 1
a contact +90064 +90682 8 44 1
a contact +128739 +129495 44 8 1
a contact +128739 +129495 8 44 1
a contact +134992 +135265 44 8 1
a contact +134992 +135265 8 44 1
a contact +168554 +168947 44 8 1
a contact +168554 +168947 8 44 1
a contact +174405 +175128 44 8 1
a contact +174405 +175128 8 44 1
a contact +213170 +213853 44 8 1
a contact +213170 +213853 8 44 1
a contact +219235 +219837 44 8 1
a contact +219235 +219837 8 44 1
a contact +258792 +259534 44 8 1
a contact +258792 +259534 8 44 1
a contact +297658 +298147 44 8 1
a contact +297658 +298147 8 44 1
a contact +303575 +304303 44 8 1
a contact +303575 +304303 8 44 1
a contact +343221 +343905 44 8 1
a contact +343221 +343905 8 44 1
a contact +349329 +349865 44 8 1
a contact +349329 +349865 8 44 1
a contact +387957 +388720 44 8 1
a contact +387957 +388720 8 44 1
a contact +427707 +428228 44 8 1
a contact +427707 +428228 8 44 1
a contact +433643 +434335 44 8 1
a contact +433643 +434335 8 44 1
a contact +472372 +473096 44 8 1
a contact +472372 +473096 8 44 1
a contact +478499 +479008 44 8 1
a contact +478499 +479008 8 44 1
a contact +518013 +518756 44 8 1
a contact +518013 +518756 8 44 1
a contact +556832 +557422 44 8 1
a contact +556832 +557422 8 44 1
a contact +562814 +563503 44 8 1
a contact +562814 +563503 8 44 1
a contact +602424 +603142 44 8 1
a contact +602424 +603142 8 44 1
a contact +29067 +29547 44 10 1
a contact +29067 +29547 10 44 1
a contact +35001 +35737 44 10 1
a contact +35001 +35737 10 44 1
a contact +75271 +75957 44 10 1
a contact +75271 +75957 10 44 1
a contact +81316 +81987 44 10 1
a contact +81316 +81987 10 44 1
a contact +119393 +120138 44 10 1
a contact +119393 +120138 10 44 1
a contact +125568 +125966 44 10 1
a contact +125568 +125966 10 44 1
a contact +159757 +160293 44 10 1
a contact +159757 +160293 10 44 1
a contact +165663 +166412 44 10 1
a contact +165663 +166412 10 44 1
a contact +203807 +204503 44 10 1
a contact +203807 +204503 10 44 1
a contact +209874 +210489 44 10 1
a contact +209874 +210489 10 44 1
a contact +244383 +244507 44 10 1
a contact +244383 +244507 10 44 1
a contact +250049 +250813 44 10 1
a contact +250049 +250813 10 44 1
a contact +256323 +256687 44 10 1
a contact +256323 +256687 10 44 1
a contact +288252 +288822 44 10 1
a contact +288252 +288822 10 44 1
a contact +294231 +294946 44 10 1
a contact +294231 +294946 10 44 1
a contact +334471 +335193 44 10 1
a contact +334471 +335193 10 44 1
a contact +340573 +341187 44 10 1
a contact +340573 +341187 10 44 1
a contact +372781 +373040 44 10 1
a contact +372781 +373040 10 44 1
a contact +378614 +379362 44 10 1
a contact +378614 +379362 10 44 1
a contact +384877 +385081 44 10 1
a contact +384877 +385081 10 44 1
a contact +418934 +419545 44 10 1
a contact +418934 +419545 10 44 1
a contact +424900 +425625 44 10 1
a contact +424900 +425625 10 44 1
a contact +463018 +463743 44 10 1
a contact +463018 +463743 10 44 1
a contact +469124 +469670 44 10 1
a contact +469124 +469670 10 44 1
a contact +503470 +503842 44 10 1
a contact +503470 +503842 10 44 1
a contact +509271 +510035 44 10 1
a contact +509271 +510035 10 44 1
a contact +515721 +515756 44 10 1
a contact +515721 +515756 10 44 1
a contact +547449 +548083 44 10 1
a contact +547449 +548083 10 44 1
a contact +553466 +554148 44 10 1
a contact +553466 +554148 10 44 1
a contact +593678 +594424 44 10 1
a contact +593678 +594424 10 44 1
a contact +599841 +600378 44 10 1
a contact +599841 +600378 10 44 1
