a contact +0 +604800 3 2 1
a contact +0 +604800 2 3 1
a contact +0 +604800 5 4 1
a contact +0 +604800 4 5 1
a contact +0 +604800 7 6 1
a contact +0 +604800 6 7 1
a contact +0 +604800 9 8 1
a contact +0 +604800 8 9 1
a contact +0 +604800 11 10 1
a contact +0 +604800 10 11 1
a contact +0 +604800 2 1 1
a contact +0 +604800 1 2 1
a contact +0 +604800 4 1 1
a contact +0 +604800 1 4 1
a contact +0 +604800 6 1 1
a contact +0 +604800 1 6 1
a contact +0 +604800 8 1 1
a contact +0 +604800 1 8 1
a contact +0 +604800 10 1 1
a contact +0 +604800 1 10 1
a contact +3985 +4815 44 3 1
a contact +3985 +4815 3 44 1
a contact +10082 +10969 44 3 1
a contact +10082 +10969 3 44 1
a contact +16149 +17053 44 3 1
a contact +16149 +17053 3 44 1
a contact +22195 +23051 44 3 1
a contact +22195 +23051 3 44 1
a contact +28220 +28964 44 3 1
a contact +28220 +28964 3 44 1
a contact +34213 +34823 44 3 1
a contact +34213 +34823 3 44 1
a contact +40145 +40689 44 3 1
a contact +40145 +40689 3 44 1
a contact +46010 +46624 44 3 1
a contact +46010 +46624 3 44 1
a contact +51867 +52619 44 3 1
a contact +51867 +52619 3 44 1
a contact +57781 +58644 44 3 1
a contact +57781 +58644 3 44 1
a contact +63779 +64690 44 3 1
a contact +63779 +64690 3 44 1
a contact +69865 +70757 44 3 1
a contact +69865 +70757 3 44 1
a contact +76021 +76853 44 3 1
a contact +76021 +76853 3 44 1
a contact +82201 +82993 44 3 1
a contact +82201 +82993 3 44 1
a contact +88355 +89169 44 3 1
a contact +88355 +89169 3 44 1
a contact +94464 +95336 44 3 1
a contact +94464 +95336 3 44 1
a contact +100538 +101443 44 3 1
a contact +100538 +101443 3 44 1
a contact +106589 +107467 44 3 1
a contact +106589 +107467 3 44 1
a contact +112621 +113403 44 3 1
a contact +112621 +113403 3 44 1
a contact +118625 +119273 44 3 1
a contact +118625 +119273 3 44 1
a contact +124579 +125129 44 3 1
a contact +124579 +125129 3 44 1
a contact +130460 +131042 44 3 1
a contact +130460 +131042 3 44 1
a contact +136311 +137022 44 3 1
a contact +136311 +137022 3 44 1
a contact +142204 +143041 44 3 1
a contact +142204 +143041 3 44 1
a contact +148177 +149081 44 3 1
a contact +148177 +149081 3 44 1
a contact +154238 +155141 44 3 1
a contact +154238 +155141 3 44 1
a contact +160376 +161227 44 3 1
a contact +160376 +161227 3 44 1
a contact +166555 +167353 44 3 1
a contact +166555 +167353 3 44 1
a contact +172720 +173522 44 3 1
a contact +172720 +173522 3 44 1
a contact +178842 +179697 44 3 1
a contact +178842 +179697 3 44 1
a contact +184925 +185826 44 3 1
a contact +184925 +185826 3 44 1
a contact +190982 +191875 44 3 1
a contact +190982 +191875 3 44 1
a contact +197020 +197836 44 3 1
a contact +197020 +197836 3 44 1
a contact +203034 +203722 44 3 1
a contact +203034 +203722 3 44 1
a contact +209006 +209574 44 3 1
a contact +209006 +209574 3 44 1
a contact +214907 +215465 44 3 1
a contact +214907 +215465 3 44 1
a contact +220759 +221429 44 3 1
a contact +220759 +221429 3 44 1
a contact +226634 +227439 44 3 1
a contact +226634 +227439 3 44 1
a contact +232581 +233473 44 3 1
a contact +232581 +233473 3 44 1
a contact +238617 +239527 44 3 1
a contact +238617 +239527 3 44 1
a contact +244735 +245604 44 3 1
a contact +244735 +245604 3 44 1
a contact +250908 +251718 44 3 1
a contact +250908 +251718 3 44 1
a contact +257082 +257875 44 3 1
a contact +257082 +257875 3 44 1
a contact +263217 +264054 44 3 1
a contact +263217 +264054 3 44 1
a contact +269310 +270201 44 3 1
a contact +269310 +270201 3 44 1
a contact +275373 +276276 44 3 1
a contact +275373 +276276 3 44 1
a contact +281417 +282262 44 3 1
a contact +281417 +282262 3 44 1
a contact +287439 +288167 44 3 1
a contact +287439 +288167 3 44 1
a contact +293426 +294022 44 3 1
a contact +293426 +294022 3 44 1
a contact +299350 +299895 44 3 1
a contact +299350 +299895 3 44 1
a contact +305209 +305839 44 3 1
a contact +305209 +305839 3 44 1
a contact +311071 +311839 44 3 1
a contact +311071 +311839 3 44 1
a contact +316994 +317867 44 3 1
a contact +316994 +317867 3 44 1
a contact +323003 +323915 44 3 1
a contact +323003 +323915 3 44 1
a contact +329099 +329984 44 3 1
a contact +329099 +329984 3 44 1
a contact +335260 +336086 44 3 1
a contact +335260 +336086 3 44 1
a contact +341440 +342231 44 3 1
a contact +341440 +342231 3 44 1
a contact +347588 +348408 44 3 1
a contact +347588 +348408 3 44 1
a contact +353692 +354570 44 3 1
a contact +353692 +354570 3 44 1
a contact +359763 +360669 44 3 1
a contact +359763 +360669 3 44 1
a contact +365812 +366681 44 3 1
a contact +365812 +366681 3 44 1
a contact +371841 +372608 44 3 1
a contact +371841 +372608 3 44 1
a contact +377841 +378472 44 3 1
a contact +377841 +378472 3 44 1
a contact +383786 +384332 44 3 1
a contact +383786 +384332 3 44 1
a contact +389659 +390254 44 3 1
a contact +389659 +390254 3 44 1
a contact +395513 +396241 44 3 1
a contact +395513 +396241 3 44 1
a contact +401414 +402262 44 3 1
a contact +401414 +402262 3 44 1
a contact +407397 +408305 44 3 1
a contact +407397 +408305 3 44 1
a contact +413469 +414367 44 3 1
a contact +413469 +414367 3 44 1
a contact +419614 +420458 44 3 1
a contact +419614 +420458 3 44 1
a contact +425795 +426590 44 3 1
a contact +425795 +426590 3 44 1
a contact +431955 +432761 44 3 1
a contact +431955 +432761 3 44 1
a contact +438072 +438934 44 3 1
a contact +438072 +438934 3 44 1
a contact +444151 +445054 44 3 1
a contact +444151 +445054 3 44 1
a contact +450206 +451093 44 3 1
a contact +450206 +451093 3 44 1
a contact +456241 +457044 44 3 1
a contact +456241 +457044 3 44 1
a contact +462251 +462922 44 3 1
a contact +462251 +462922 3 44 1
a contact +468216 +468775 44 3 1
a contact +468216 +468775 3 44 1
a contact +474108 +474675 44 3 1
a contact +474108 +474675 3 44 1
a contact +479959 +480646 44 3 1
a contact +479959 +480646 3 44 1
a contact +485841 +486660 44 3 1
a contact +485841 +486660 3 44 1
a contact +491799 +492696 44 3 1
a contact +491799 +492696 3 44 1
a contact +497845 +498752 44 3 1
a contact +497845 +498752 3 44 1
a contact +503972 +504834 44 3 1
a contact +503972 +504834 3 44 1
a contact +510148 +510952 44 3 1
a contact +510148 +510952 3 44 1
a contact +516319 +517115 44 3 1
a contact +516319 +517115 3 44 1
a contact +522448 +523293 44 3 1
a contact +522448 +523293 3 44 1
a contact +528537 +529432 44 3 1
a contact +528537 +529432 3 44 1
a contact +534598 +535497 44 3 1
a contact +534598 +535497 3 44 1
a contact +540638 +541473 44 3 1
a contact +540638 +541473 3 44 1
a contact +546657 +547369 44 3 1
a contact +546657 +547369 3 44 1
a contact +552639 +553222 44 3 1
a contact +552639 +553222 3 44 1
a contact +558553 +559102 44 3 1
a contact +558553 +559102 3 44 1
a contact +564408 +565055 44 3 1
a contact +564408 +565055 3 44 1
a contact +570275 +571059 44 3 1
a contact +570275 +571059 3 44 1
a contact +576208 +577090 44 3 1
a contact +576208 +577090 3 44 1
a contact +582228 +583140 44 3 1
a contact +582228 +583140 3 44 1
a contact +588334 +589213 44 3 1
a contact +588334 +589213 3 44 1
a contact +594500 +595319 44 3 1
a contact +594500 +595319 3 44 1
a contact +600678 +601469 44 3 1
a contact +600678 +601469 3 44 1
a contact +15355 +15915 44 5 1
a contact +15355 +15915 5 44 1
a contact +21158 +22053 44 5 1
a contact +21158 +22053 5 44 1
a contact +27263 +28081 44 5 1
a contact +27263 +28081 5 44 1
a contact +58796 +59567 44 5 1
a contact +58796 +59567 5 44 1
a contact +64813 +65703 44 5 1
a contact +64813 +65703 5 44 1
a contact +70934 +71546 44 5 1
a contact +70934 +71546 5 44 1
a contact +99942 +100196 44 5 1
a contact +99942 +100196 5 44 1
a contact +105586 +106435 44 5 1
a contact +105586 +106435 5 44 1
a contact +111608 +112488 44 5 1
a contact +111608 +112488 5 44 1
a contact +117967 +118413 44 5 1
a contact +117967 +118413 5 44 1
a contact +143222 +143868 44 5 1
a contact +143222 +143868 5 44 1
a contact +149205 +150099 44 5 1
a contact +149205 +150099 5 44 1
a contact +155287 +156035 44 5 1
a contact +155287 +156035 5 44 1
a contact +190040 +190806 44 5 1
a contact +190040 +190806 5 44 1
a contact +195979 +196887 44 5 1
a contact +195979 +196887 5 44 1
a contact +202214 +202870 44 5 1
a contact +202214 +202870 5 44 1
a contact +227679 +228115 44 5 1
a contact +227679 +228115 5 44 1
a contact +233604 +234471 44 5 1
a contact +233604 +234471 5 44 1
a contact +239658 +240490 44 5 1
a contact +239658 +240490 5 44 1
a contact +245919 +246110 44 5 1
a contact +245919 +246110 5 44 1
a contact +274526 +275162 44 5 1
a contact +274526 +275162 5 44 1
a contact +280374 +281279 44 5 1
a contact +280374 +281279 5 44 1
a contact +286514 +287295 44 5 1
a contact +286514 +287295 5 44 1
a contact +318011 +318817 44 5 1
a contact +318011 +318817 5 44 1
a contact +324039 +324919 44 5 1
a contact +324039 +324919 5 44 1
a contact +330182 +330716 44 5 1
a contact +330182 +330716 5 44 1
a contact +359066 +359482 44 5 1
a contact +359066 +359482 5 44 1
a contact +364792 +365664 44 5 1
a contact +364792 +365664 5 44 1
a contact +370848 +371706 44 5 1
a contact +370848 +371706 5 44 1
a contact +377283 +377584 44 5 1
a contact +377283 +377584 5 44 1
a contact +402429 +403134 44 5 1
a contact +402429 +403134 5 44 1
a contact +408428 +409324 44 5 1
a contact +408428 +409324 5 44 1
a contact +414524 +415223 44 5 1
a contact +414524 +415223 5 44 1
a contact +449234 +450040 44 5 1
a contact +449234 +450040 5 44 1
a contact +455209 +456108 44 5 1
a contact +455209 +456108 5 44 1
a contact +461488 +462072 44 5 1
a contact +461488 +462072 5 44 1
a contact +486870 +487408 44 5 1
a contact +486870 +487408 5 44 1
a contact +492824 +493705 44 5 1
a contact +492824 +493705 5 44 1
a contact +498889 +499691 44 5 1
a contact +498889 +499691 5 44 1
a contact +533706 +534403 44 5 1
a contact +533706 +534403 5 44 1
a contact +539594 +540503 44 5 1
a contact +539594 +540503 5 44 1
a contact +545770 +546507 44 5 1
a contact +545770 +546507 5 44 1
a contact +571390 +571578 44 5 1
a contact +571390 +571578 5 44 1
a contact +577227 +578063 44 5 1
a contact +577227 +578063 5 44 1
a contact +583266 +584130 44 5 1
a contact +583266 +584130 5 44 1
a contact +589439 +589873 44 5 1
a contact +589439 +589873 5 44 1
a contact +18366 +18653 44 7 1
a contact +18366 +18653 7 44 1
a contact +24038 +24907 44 7 1
a contact +24038 +24907 7 44 1
a contact +30143 +30918 44 7 1
a contact +30143 +30918 7 44 1
a contact +61990 +62684 44 7 1
a contact +61990 +62684 7 44 1
a contact +67963 +68869 44 7 1
a contact +67963 +68869 7 44 1
a contact +74117 +74684 44 7 1
a contact +74117 +74684 7 44 1
a contact +108478 +109280 44 7 1
a contact +108478 +109280 7 44 1
a contact +114481 +115338 44 7 1
a contact +114481 +115338 7 44 1
a contact +146470 +146929 44 7 1
a contact +146470 +146929 7 44 1
a contact +152359 +153259 44 7 1
a contact +152359 +153259 7 44 1
a contact +158449 +159193 44 7 1
a contact +158449 +159193 7 44 1
a contact +192954 +193633 44 7 1
a contact +192954 +193633 7 44 1
a contact +198852 +199742 44 7 1
a contact +198852 +199742 7 44 1
a contact +205131 +205662 44 7 1
a contact +205131 +205662 7 44 1
a contact +236767 +237620 44 7 1
a contact +236767 +237620 7 44 1
a contact +242810 +243656 44 7 1
a contact +242810 +243656 7 44 1
a contact +277489 +277945 44 7 1
a contact +277489 +277945 7 44 1
a contact +283251 +284134 44 7 1
a contact +283251 +284134 7 44 1
a contact +289400 +290124 44 7 1
a contact +289400 +290124 7 44 1
a contact +321193 +321948 44 7 1
a contact +321193 +321948 7 44 1
a contact +327188 +328085 44 7 1
a contact +327188 +328085 7 44 1
a contact +333383 +333835 44 7 1
a contact +333383 +333835 7 44 1
a contact +367678 +368513 44 7 1
a contact +367678 +368513 7 44 1
a contact +373723 +374552 44 7 1
a contact +373723 +374552 7 44 1
a contact +405648 +406225 44 7 1
a contact +405648 +406225 7 44 1
a contact +411579 +412487 44 7 1
a contact +411579 +412487 7 44 1
a contact +417692 +418375 44 7 1
a contact +417692 +418375 7 44 1
a contact +452138 +452876 44 7 1
a contact +452138 +452876 7 44 1
a contact +458081 +458962 44 7 1
a contact +458081 +458962 7 44 1
a contact +464435 +464833 44 7 1
a contact +464435 +464833 7 44 1
a contact +490237 +490347 44 7 1
a contact +490237 +490347 7 44 1
a contact +495982 +496860 44 7 1
a contact +495982 +496860 7 44 1
a contact +502044 +502854 44 7 1
a contact +502044 +502854 7 44 1
a contact +536643 +537210 44 7 1
a contact +536643 +537210 7 44 1
a contact +542468 +543359 44 7 1
a contact +542468 +543359 7 44 1
a contact +548666 +549325 44 7 1
a contact +548666 +549325 7 44 1
a contact +580400 +581203 44 7 1
a contact +580400 +581203 7 44 1
a contact +586416 +587297 44 7 1
a contact +586416 +587297 7 44 1
a contact +592679 +592954 44 7 1
a contact +592679 +592954 7 44 1
a contact +0 +378 44 9 1
a contact +0 +378 9 44 1
a contact +5684 +6284 44 9 1
a contact +5684 +6284 9 44 1
a contact +38377 +38975 44 9 1
a contact +38377 +38975 9 44 1
a contact +44271 +45167 44 9 1
a contact +44271 +45167 9 44 1
a contact +83946 +84742 44 9 1
a contact +83946 +84742 9 44 1
a contact +89981 +90766 44 9 1
a contact +89981 +90766 9 44 1
a contact +128667 +129567 44 9 1
a contact +128667 +129567 9 44 1
a contact +134846 +135412 44 9 1
a contact +134846 +135412 9 44 1
a contact +168438 +169062 44 9 1
a contact +168438 +169062 9 44 1
a contact +174332 +175201 44 9 1
a contact +174332 +175201 9 44 1
a contact +213090 +213931 44 9 1
a contact +213090 +213931 9 44 1
a contact +219148 +219925 44 9 1
a contact +219148 +219925 9 44 1
a contact +253091 +253231 44 9 1
a contact +253091 +253231 9 44 1
a contact +258722 +259605 44 9 1
a contact +258722 +259605 9 44 1
a contact +264979 +265440 44 9 1
a contact +264979 +265440 9 44 1
a contact +297553 +298250 44 9 1
a contact +297553 +298250 9 44 1
a contact +303501 +304377 44 9 1
a contact +303501 +304377 9 44 1
a contact +343145 +343981 44 9 1
a contact +343145 +343981 9 44 1
a contact +349235 +349960 44 9 1
a contact +349235 +349960 9 44 1
a contact +382107 +382470 44 9 1
a contact +382107 +382470 9 44 1
a contact +387886 +388791 44 9 1
a contact +387886 +388791 9 44 1
a contact +394141 +394547 44 9 1
a contact +394141 +394547 9 44 1
a contact +427612 +428323 44 9 1
a contact +427612 +428323 9 44 1
a contact +433568 +434411 44 9 1
a contact +433568 +434411 9 44 1
a contact +472297 +473171 44 9 1
a contact +472297 +473171 9 44 1
a contact +478400 +479108 44 9 1
a contact +478400 +479108 9 44 1
a contact +512159 +512594 44 9 1
a contact +512159 +512594 9 44 1
a contact +517942 +518827 44 9 1
a contact +517942 +518827 9 44 1
a contact +524335 +524537 44 9 1
a contact +524335 +524537 9 44 1
a contact +556741 +557511 44 9 1
a contact +556741 +557511 9 44 1
a contact +562736 +563581 44 9 1
a contact +562736 +563581 9 44 1
a contact +602351 +603215 44 9 1
a contact +602351 +603215 9 44 1
a contact +28961 +29650 44 11 1
a contact +28961 +29650 11 44 1
a contact +34929 +35808 44 11 1
a contact +34929 +35808 11 44 1
a contact +41195 +41492 44 11 1
a contact +41195 +41492 11 44 1
a contact +75193 +76035 44 11 1
a contact +75193 +76035 11 44 1
a contact +81235 +82069 44 11 1
a contact +81235 +82069 11 44 1
a contact +113459 +113890 44 11 1
a contact +113459 +113890 11 44 1
a contact +119321 +120209 44 11 1
a contact +119321 +120209 11 44 1
a contact +125453 +126080 44 11 1
a contact +125453 +126080 11 44 1
a contact +159662 +160388 44 11 1
a contact +159662 +160388 11 44 1
a contact +165590 +166485 44 11 1
a contact +165590 +166485 11 44 1
a contact +172030 +172252 44 11 1
a contact +172030 +172252 11 44 1
a contact +203729 +204579 44 11 1
a contact +203729 +204579 11 44 1
a contact +209791 +210572 44 11 1
a contact +209791 +210572 11 44 1
a contact +244190 +244699 44 11 1
a contact +244190 +244699 11 44 1
a contact +249978 +250884 44 11 1
a contact +249978 +250884 11 44 1
a contact +256194 +256818 44 11 1
a contact +256194 +256818 11 44 1
a contact +288159 +288912 44 11 1
a contact +288159 +288912 11 44 1
a contact +294157 +295019 44 11 1
a contact +294157 +295019 11 44 1
a contact +334396 +335267 44 11 1
a contact +334396 +335267 11 44 1
a contact +340485 +341276 44 11 1
a contact +340485 +341276 11 44 1
a contact +372627 +373191 44 11 1
a contact +372627 +373191 11 44 1
a contact +378542 +379432 44 11 1
a contact +378542 +379432 11 44 1
a contact +384715 +385242 44 11 1
a contact +384715 +385242 11 44 1
a contact +418849 +419631 44 11 1
a contact +418849 +419631 11 44 1
a contact +424825 +425701 44 11 1
a contact +424825 +425701 11 44 1
a contact +462944 +463815 44 11 1
a contact +462944 +463815 11 44 1
a contact +469032 +469761 44 11 1
a contact +469032 +469761 11 44 1
a contact +503347 +503964 44 11 1
a contact +503347 +503964 11 44 1
a contact +509200 +510107 44 11 1
a contact +509200 +510107 11 44 1
a contact +515484 +515995 44 11 1
a contact +515484 +515995 11 44 1
a contact +547364 +548165 44 11 1
a contact +547364 +548165 11 44 1
a contact +553389 +554224 44 11 1
a contact +553389 +554224 11 44 1
a contact +587959 +588202 44 11 1
a contact +587959 +588202 11 44 1
a contact +593605 +594497 44 11 1
a contact +593605 +594497 11 44 1
a contact +599743 +600477 44 11 1
a contact +599743 +600477 11 44 1
