a contact +0 +604800 10 1 1
a contact +0 +604800 1 10 1
a contact +0 +604800 12 1 1
a contact +0 +604800 1 12 1
a contact +0 +604800 14 1 1
a contact +0 +604800 1 14 1
a contact +0 +604800 16 1 1
a contact +0 +604800 1 16 1
a contact +0 +604800 18 1 1
a contact +0 +604800 1 18 1
a contact +0 +604800 20 1 1
a contact +0 +604800 1 20 1
a contact +0 +604800 22 1 1
a contact +0 +604800 1 22 1
a contact +0 +604800 24 1 1
a contact +0 +604800 1 24 1
a contact +0 +604800 26 1 1
a contact +0 +604800 1 26 1
a contact +0 +604800 30 1 1
a contact +0 +604800 1 30 1
a contact +29067 +29547 44 10 1
a contact +29067 +29547 10 44 1
a contact +35001 +35737 44 10 1
a contact +35001 +35737 10 44 1
a contact +75271 +75957 44 10 1
a contact +75271 +75957 10 44 1
a contact +81316 +81987 44 10 1
a contact +81316 +81987 10 44 1
a contact +119393 +120138 44 10 1
a contact +119393 +120138 10 44 1
a contact +125568 +125966 44 10 1
a contact +125568 +125966 10 44 1
a contact +159757 +160293 44 10 1
a contact +159757 +160293 10 44 1
a contact +165663 +166412 44 10 1
a contact +165663 +166412 10 44 1
a contact +203807 +204503 44 10 1
a contact +203807 +204503 10 44 1
a contact +209874 +210489 44 10 1
a contact +209874 +210489 10 44 1
a contact +244383 +244507 44 10 1
a contact +244383 +244507 10 44 1
a contact +250049 +250813 44 10 1
a contact +250049 +250813 10 44 1
a contact +256323 +256687 44 10 1
a contact +256323 +256687 10 44 1
a contact +288252 +288822 44 10 1
a contact +288252 +288822 10 44 1
a contact +294231 +294946 44 10 1
a contact +294231 +294946 10 44 1
a contact +334471 +335193 44 10 1
a contact +334471 +335193 10 44 1
a contact +340573 +341187 44 10 1
a contact +340573 +341187 10 44 1
a contact +372781 +373040 44 10 1
a contact +372781 +373040 10 44 1
a contact +378614 +379362 44 10 1
a contact +378614 +379362 10 44 1
a contact +384877 +385081 44 10 1
a contact +384877 +385081 10 44 1
a contact +418934 +419545 44 10 1
a contact +418934 +419545 10 44 1
a contact +424900 +425625 44 10 1
a contact +424900 +425625 10 44 1
a contact +463018 +463743 44 10 1
a contact +463018 +463743 10 44 1
a contact +469124 +469670 44 10 1
a contact +469124 +469670 10 44 1
a contact +503470 +503842 44 10 1
a contact +503470 +503842 10 44 1
a contact +509271 +510035 44 10 1
a contact +509271 +510035 10 44 1
a contact +515721 +515756 44 10 1
a contact +515721 +515756 10 44 1
a contact +547449 +548083 44 10 1
a contact +547449 +548083 10 44 1
a contact +553466 +554148 44 10 1
a contact +553466 +554148 10 44 1
a contact +593678 +594424 44 10 1
a contact +593678 +594424 10 44 1
a contact +599841 +600378 44 10 1
a contact +599841 +600378 10 44 1
a contact +5804 +6548 44 12 1
a contact +5804 +6548 12 44 1
a contact +12108 +12371 44 12 1
a contact +12108 +12371 12 44 1
a contact +44221 +44760 44 12 1
a contact +44221 +44760 12 44 1
a contact +50172 +50906 44 12 1
a contact +50172 +50906 12 44 1
a contact +90231 +90923 44 12 1
a contact +90231 +90923 12 44 1
a contact +96328 +96910 44 12 1
a contact +96328 +96910 12 44 1
a contact +134556 +135321 44 12 1
a contact +134556 +135321 12 44 1
a contact +140856 +141011 44 12 1
a contact +140856 +141011 12 44 1
a contact +174707 +175262 44 12 1
a contact +174707 +175262 12 44 1
a contact +180652 +181358 44 12 1
a contact +180652 +181358 12 44 1
a contact +218966 +219697 44 12 1
a contact +218966 +219697 12 44 1
a contact +225072 +225628 44 12 1
a contact +225072 +225628 12 44 1
a contact +259305 +259495 44 12 1
a contact +259305 +259495 12 44 1
a contact +265024 +265771 44 12 1
a contact +265024 +265771 12 44 1
a contact +303409 +304028 44 12 1
a contact +303409 +304028 12 44 1
a contact +309407 +310109 44 12 1
a contact +309407 +310109 12 44 1
a contact +349435 +350157 44 12 1
a contact +349435 +350157 12 44 1
a contact +355601 +356092 44 12 1
a contact +355601 +356092 12 44 1
a contact +387922 +388274 44 12 1
a contact +387922 +388274 12 44 1
a contact +393780 +394540 44 12 1
a contact +393780 +394540 12 44 1
a contact +433889 +434513 44 12 1
a contact +433889 +434513 12 44 1
a contact +439897 +440563 44 12 1
a contact +439897 +440563 12 44 1
a contact +478179 +478932 44 12 1
a contact +478179 +478932 12 44 1
a contact +484338 +484790 44 12 1
a contact +484338 +484790 12 44 1
a contact +518412 +518814 44 12 1
a contact +518412 +518814 12 44 1
a contact +524251 +524989 44 12 1
a contact +524251 +524989 12 44 1
a contact +562607 +563284 44 12 1
a contact +562607 +563284 12 44 1
a contact +568648 +569303 44 12 1
a contact +568648 +569303 12 44 1
a contact +1230 +1869 44 14 1
a contact +1230 +1869 14 44 1
a contact +7282 +8043 44 14 1
a contact +7282 +8043 14 44 1
a contact +13338 +14069 44 14 1
a contact +13338 +14069 14 44 1
a contact +19415 +19932 44 14 1
a contact +19415 +19932 14 44 1
a contact +43057 +43225 44 14 1
a contact +43057 +43225 14 44 1
a contact +48762 +49375 44 14 1
a contact +48762 +49375 14 44 1
a contact +54688 +55441 44 14 1
a contact +54688 +55441 14 44 1
a contact +60769 +61494 44 14 1
a contact +60769 +61494 14 44 1
a contact +66995 +67548 44 14 1
a contact +66995 +67548 14 44 1
a contact +73324 +73629 44 14 1
a contact +73324 +73629 14 44 1
a contact +79544 +79870 44 14 1
a contact +79544 +79870 14 44 1
a contact +85619 +86197 44 14 1
a contact +85619 +86197 14 44 1
a contact +91673 +92413 44 14 1
a contact +91673 +92413 14 44 1
a contact +97727 +98483 44 14 1
a contact +97727 +98483 14 44 1
a contact +103794 +104397 44 14 1
a contact +103794 +104397 14 44 1
a contact +109975 +110060 44 14 1
a contact +109975 +110060 14 44 1
a contact +133223 +133755 44 14 1
a contact +133223 +133755 14 44 1
a contact +139099 +139829 44 14 1
a contact +139099 +139829 14 44 1
a contact +145136 +145885 44 14 1
a contact +145136 +145885 14 44 1
a contact +151321 +151938 44 14 1
a contact +151321 +151938 14 44 1
a contact +157630 +158004 44 14 1
a contact +157630 +158004 14 44 1
a contact +163911 +164182 44 14 1
a contact +163911 +164182 14 44 1
a contact +170008 +170515 44 14 1
a contact +170008 +170515 14 44 1
a contact +176064 +176771 44 14 1
a contact +176064 +176771 14 44 1
a contact +182116 +182884 44 14 1
a contact +182116 +182884 14 44 1
a contact +188177 +188845 44 14 1
a contact +188177 +188845 14 44 1
a contact +194282 +194624 44 14 1
a contact +194282 +194624 14 44 1
a contact +217702 +218128 44 14 1
a contact +217702 +218128 14 44 1
a contact +223524 +224217 44 14 1
a contact +223524 +224217 14 44 1
a contact +229515 +230275 44 14 1
a contact +229515 +230275 14 44 1
a contact +235658 +236328 44 14 1
a contact +235658 +236328 14 44 1
a contact +241937 +242387 44 14 1
a contact +241937 +242387 14 44 1
a contact +248257 +248511 44 14 1
a contact +248257 +248511 14 44 1
a contact +254394 +254824 44 14 1
a contact +254394 +254824 14 44 1
a contact +260454 +261115 44 14 1
a contact +260454 +261115 14 44 1
a contact +266506 +267272 44 14 1
a contact +266506 +267272 14 44 1
a contact +272564 +273279 44 14 1
a contact +272564 +273279 14 44 1
a contact +278646 +279120 44 14 1
a contact +278646 +279120 14 44 1
a contact +302212 +302482 44 14 1
a contact +302212 +302482 14 44 1
a contact +307962 +308602 44 14 1
a contact +307962 +308602 14 44 1
a contact +313908 +314665 44 14 1
a contact +313908 +314665 14 44 1
a contact +320007 +320719 44 14 1
a contact +320007 +320719 14 44 1
a contact +326249 +326774 44 14 1
a contact +326249 +326774 14 44 1
a contact +332581 +332863 44 14 1
a contact +332581 +332863 14 44 1
a contact +338775 +339130 44 14 1
a contact +338775 +339130 14 44 1
a contact +344844 +345448 44 14 1
a contact +344844 +345448 14 44 1
a contact +350897 +351648 44 14 1
a contact +350897 +351648 14 44 1
a contact +356952 +357699 44 14 1
a contact +356952 +357699 14 44 1
a contact +363022 +363592 44 14 1
a contact +363022 +363592 14 44 1
a contact +392416 +392984 44 14 1
a contact +392416 +392984 14 44 1
a contact +398313 +399055 44 14 1
a contact +398313 +399055 14 44 1
a contact +404368 +405109 44 14 1
a contact +404368 +405109 14 44 1
a contact +410571 +411162 44 14 1
a contact +410571 +411162 14 44 1
a contact +416890 +417234 44 14 1
a contact +416890 +417234 14 44 1
a contact +423147 +423437 44 14 1
a contact +423147 +423437 14 44 1
a contact +429233 +429770 44 14 1
a contact +429233 +429770 14 44 1
a contact +435288 +436010 44 14 1
a contact +435288 +436010 14 44 1
a contact +441341 +442106 44 14 1
a contact +441341 +442106 14 44 1
a contact +447404 +448047 44 14 1
a contact +447404 +448047 14 44 1
a contact +453526 +453793 44 14 1
a contact +453526 +453793 14 44 1
a contact +476887 +477361 44 14 1
a contact +476887 +477361 14 44 1
a contact +482732 +483443 44 14 1
a contact +482732 +483443 14 44 1
a contact +488743 +489500 44 14 1
a contact +488743 +489500 14 44 1
a contact +494903 +495552 44 14 1
a contact +494903 +495552 14 44 1
a contact +501195 +501614 44 14 1
a contact +501195 +501614 14 44 1
a contact +507503 +507758 44 14 1
a contact +507503 +507758 14 44 1
a contact +513620 +514083 44 14 1
a contact +513620 +514083 14 44 1
a contact +519678 +520360 44 14 1
a contact +519678 +520360 14 44 1
a contact +525731 +526499 44 14 1
a contact +525731 +526499 14 44 1
a contact +531789 +532487 44 14 1
a contact +531789 +532487 14 44 1
a contact +537879 +538304 44 14 1
a contact +537879 +538304 14 44 1
a contact +561382 +561725 44 14 1
a contact +561382 +561725 14 44 1
a contact +567165 +567829 44 14 1
a contact +567165 +567829 14 44 1
a contact +573130 +573890 44 14 1
a contact +573130 +573890 14 44 1
a contact +579247 +579943 44 14 1
a contact +579247 +579943 14 44 1
a contact +585505 +585999 44 14 1
a contact +585505 +585999 14 44 1
a contact +591835 +592100 44 14 1
a contact +591835 +592100 14 44 1
a contact +598004 +598389 44 14 1
a contact +598004 +598389 14 44 1
a contact +604069 +604698 44 14 1
a contact +604069 +604698 14 44 1
a contact +10981 +11720 44 16 1
a contact +10981 +11720 16 44 1
a contact +17161 +17554 44 16 1
a contact +17161 +17554 16 44 1
a contact +51186 +51650 44 16 1
a contact +51186 +51650 16 44 1
a contact +57052 +57803 44 16 1
a contact +57052 +57803 16 44 1
a contact +95405 +96076 44 16 1
a contact +95405 +96076 16 44 1
a contact +101459 +102080 44 16 1
a contact +101459 +102080 16 44 1
a contact +141443 +142203 44 16 1
a contact +141443 +142203 16 44 1
a contact +147715 +148057 44 16 1
a contact +147715 +148057 16 44 1
a contact +179873 +180375 44 16 1
a contact +179873 +180375 16 44 1
a contact +185814 +186535 44 16 1
a contact +185814 +186535 16 44 1
a contact +225872 +226577 44 16 1
a contact +225872 +226577 16 44 1
a contact +231958 +232573 44 16 1
a contact +231958 +232573 16 44 1
a contact +270200 +270947 44 16 1
a contact +270200 +270947 16 44 1
a contact +276485 +276656 44 16 1
a contact +276485 +276656 16 44 1
a contact +310351 +310915 44 16 1
a contact +310351 +310915 16 44 1
a contact +316287 +317016 44 16 1
a contact +316287 +317016 16 44 1
a contact +354612 +355320 44 16 1
a contact +354612 +355320 16 44 1
a contact +360711 +361261 44 16 1
a contact +360711 +361261 16 44 1
a contact +394951 +395147 44 16 1
a contact +394951 +395147 16 44 1
a contact +400662 +401427 44 16 1
a contact +400662 +401427 16 44 1
a contact +439058 +439646 44 16 1
a contact +439058 +439646 16 44 1
a contact +445049 +445738 44 16 1
a contact +445049 +445738 16 44 1
a contact +485075 +485811 44 16 1
a contact +485075 +485811 16 44 1
a contact +491227 +491760 44 16 1
a contact +491227 +491760 16 44 1
a contact +523587 +523875 44 16 1
a contact +523587 +523875 16 44 1
a contact +529423 +530167 44 16 1
a contact +529423 +530167 16 44 1
a contact +569531 +570167 44 16 1
a contact +569531 +570167 16 44 1
a contact +575530 +576223 44 16 1
a contact +575530 +576223 16 44 1
a contact +8232 +8530 44 18 1
a contact +8232 +8530 18 44 1
a contact +14058 +14817 44 18 1
a contact +14058 +14817 18 44 1
a contact +54036 +54653 44 18 1
a contact +54036 +54653 18 44 1
a contact +60043 +60702 44 18 1
a contact +60043 +60702 18 44 1
a contact +98458 +99209 44 18 1
a contact +98458 +99209 18 44 1
a contact +104631 +105056 44 18 1
a contact +104631 +105056 18 44 1
a contact +138571 +138939 44 18 1
a contact +138571 +138939 18 44 1
a contact +144396 +145132 44 18 1
a contact +144396 +145132 18 44 1
a contact +182890 +183559 44 18 1
a contact +182890 +183559 18 44 1
a contact +188930 +189578 44 18 1
a contact +188930 +189578 18 44 1
a contact +228791 +229530 44 18 1
a contact +228791 +229530 18 44 1
a contact +235064 +235367 44 18 1
a contact +235064 +235367 18 44 1
a contact +267375 +267844 44 18 1
a contact +267375 +267844 18 44 1
a contact +273287 +274029 44 18 1
a contact +273287 +274029 18 44 1
a contact +313227 +313897 44 18 1
a contact +313227 +313897 18 44 1
a contact +319299 +319897 44 18 1
a contact +319299 +319897 18 44 1
a contact +357675 +358438 44 18 1
a contact +357675 +358438 18 44 1
a contact +363947 +364169 44 18 1
a contact +363947 +364169 18 44 1
a contact +397720 +398220 44 18 1
a contact +397720 +398220 18 44 1
a contact +403630 +404344 44 18 1
a contact +403630 +404344 18 44 1
a contact +442093 +442806 44 18 1
a contact +442093 +442806 18 44 1
a contact +448182 +448760 44 18 1
a contact +448182 +448760 18 44 1
a contact +488008 +488754 44 18 1
a contact +488008 +488754 18 44 1
a contact +526550 +527123 44 18 1
a contact +526550 +527123 18 44 1
a contact +532520 +533234 44 18 1
a contact +532520 +533234 18 44 1
a contact +572427 +573135 44 18 1
a contact +572427 +573135 18 44 1
a contact +578568 +579081 44 18 1
a contact +578568 +579081 18 44 1
a contact +1180 +1922 44 20 1
a contact +1180 +1922 20 44 1
a contact +7238 +8001 44 20 1
a contact +7238 +8001 20 44 1
a contact +13292 +13956 44 20 1
a contact +13292 +13956 20 44 1
a contact +19359 +19778 44 20 1
a contact +19359 +19778 20 44 1
a contact +37120 +37299 44 20 1
a contact +37120 +37299 20 44 1
a contact +42851 +43402 44 20 1
a contact +42851 +43402 20 44 1
a contact +48739 +49460 44 20 1
a contact +48739 +49460 20 44 1
a contact +54755 +55515 44 20 1
a contact +54755 +55515 20 44 1
a contact +60890 +61578 44 20 1
a contact +60890 +61578 20 44 1
a contact +67116 +67668 44 20 1
a contact +67116 +67668 20 44 1
a contact +73344 +73830 44 20 1
a contact +73344 +73830 20 44 1
a contact +79486 +80069 44 20 1
a contact +79486 +80069 20 44 1
a contact +85568 +86283 44 20 1
a contact +85568 +86283 20 44 1
a contact +91628 +92397 44 20 1
a contact +91628 +92397 20 44 1
a contact +97682 +98388 44 20 1
a contact +97682 +98388 20 44 1
a contact +103742 +104251 44 20 1
a contact +103742 +104251 20 44 1
a contact +127316 +127788 44 20 1
a contact +127316 +127788 20 44 1
a contact +133165 +133850 44 20 1
a contact +133165 +133850 20 44 1
a contact +139144 +139905 44 20 1
a contact +139144 +139905 20 44 1
a contact +145245 +145964 44 20 1
a contact +145245 +145964 20 44 1
a contact +151450 +152043 44 20 1
a contact +151450 +152043 20 44 1
a contact +157690 +158178 44 20 1
a contact +157690 +158178 20 44 1
a contact +163859 +164402 44 20 1
a contact +163859 +164402 20 44 1
a contact +169953 +170635 44 20 1
a contact +169953 +170635 20 44 1
a contact +176017 +176781 44 20 1
a contact +176017 +176781 20 44 1
a contact +182072 +182810 44 20 1
a contact +182072 +182810 20 44 1
a contact +188129 +188711 44 20 1
a contact +188129 +188711 20 44 1
a contact +194217 +194467 44 20 1
a contact +194217 +194467 20 44 1
a contact +211793 +212169 44 20 1
a contact +211793 +212169 20 44 1
a contact +217601 +218239 44 20 1
a contact +217601 +218239 20 44 1
a contact +223543 +224295 44 20 1
a contact +223543 +224295 20 44 1
a contact +229609 +230351 44 20 1
a contact +229609 +230351 20 44 1
a contact +235788 +236422 44 20 1
a contact +235788 +236422 20 44 1
a contact +242029 +242535 44 20 1
a contact +242029 +242535 20 44 1
a contact +248225 +248736 44 20 1
a contact +248225 +248736 20 44 1
a contact +254336 +254978 44 20 1
a contact +254336 +254978 20 44 1
a contact +260406 +261156 44 20 1
a contact +260406 +261156 20 44 1
a contact +266462 +267220 44 20 1
a contact +266462 +267220 20 44 1
a contact +272517 +273159 44 20 1
a contact +272517 +273159 20 44 1
a contact +278587 +278964 44 20 1
a contact +278587 +278964 20 44 1
a contact +296290 +296540 44 20 1
a contact +296290 +296540 20 44 1
a contact +302049 +302628 44 20 1
a contact +302049 +302628 20 44 1
a contact +307952 +308685 44 20 1
a contact +307952 +308685 20 44 1
a contact +313983 +314740 44 20 1
a contact +313983 +314740 20 44 1
a contact +320131 +320805 44 20 1
a contact +320131 +320805 20 44 1
a contact +326363 +326901 44 20 1
a contact +326363 +326901 20 44 1
a contact +332584 +333074 44 20 1
a contact +332584 +333074 20 44 1
a contact +338716 +339316 44 20 1
a contact +338716 +339316 20 44 1
a contact +344793 +345520 44 20 1
a contact +344793 +345520 20 44 1
a contact +350852 +351620 44 20 1
a contact +350852 +351620 20 44 1
a contact +356906 +357596 44 20 1
a contact +356906 +357596 20 44 1
a contact +362969 +363443 44 20 1
a contact +362969 +363443 20 44 1
a contact +386508 +387014 44 20 1
a contact +386508 +387014 20 44 1
a contact +392373 +393075 44 20 1
a contact +392373 +393075 20 44 1
a contact +398367 +399129 44 20 1
a contact +398367 +399129 20 44 1
a contact +404483 +405190 44 20 1
a contact +404483 +405190 20 44 1
a contact +410697 +411273 44 20 1
a contact +410697 +411273 20 44 1
a contact +416933 +417419 44 20 1
a contact +416933 +417419 20 44 1
a contact +423091 +423650 44 20 1
a contact +423091 +423650 20 44 1
a contact +429180 +429876 44 20 1
a contact +429180 +429876 20 44 1
a contact +435242 +436009 44 20 1
a contact +435242 +436009 20 44 1
a contact +441296 +442023 44 20 1
a contact +441296 +442023 20 44 1
a contact +447354 +447908 44 20 1
a contact +447354 +447908 20 44 1
a contact +453458 +453636 44 20 1
a contact +453458 +453636 20 44 1
a contact +470980 +471398 44 20 1
a contact +470980 +471398 20 44 1
a contact +476805 +477464 44 20 1
a contact +476805 +477464 20 44 1
a contact +482762 +483519 44 20 1
a contact +482762 +483519 20 44 1
a contact +488843 +489577 44 20 1
a contact +488843 +489577 20 44 1
a contact +495033 +495651 44 20 1
a contact +495033 +495651 20 44 1
a contact +501275 +501772 44 20 1
a contact +501275 +501772 20 44 1
a contact +507460 +507983 44 20 1
a contact +507460 +507983 20 44 1
a contact +513564 +514223 44 20 1
a contact +513564 +514223 20 44 1
a contact +519631 +520388 44 20 1
a contact +519631 +520388 20 44 1
a contact +525687 +526438 44 20 1
a contact +525687 +526438 20 44 1
a contact +531742 +532361 44 20 1
a contact +531742 +532361 20 44 1
a contact +537818 +538147 44 20 1
a contact +537818 +538147 20 44 1
a contact +555468 +555775 44 20 1
a contact +555468 +555775 20 44 1
a contact +561248 +561853 44 20 1
a contact +561248 +561853 20 44 1
a contact +567167 +567909 44 20 1
a contact +567167 +567909 20 44 1
a contact +573213 +573965 44 20 1
a contact +573213 +573965 20 44 1
a contact +579374 +580032 44 20 1
a contact +579374 +580032 20 44 1
a contact +585611 +586134 44 20 1
a contact +585611 +586134 20 44 1
a contact +591822 +592319 44 20 1
a contact +591822 +592319 20 44 1
a contact +597945 +598563 44 20 1
a contact +597945 +598563 20 44 1
a contact +604019 +604757 44 20 1
a contact +604019 +604757 20 44 1
a contact +1791 +2528 44 22 1
a contact +1791 +2528 22 44 1
a contact +7880 +8478 44 22 1
a contact +7880 +8478 22 44 1
a contact +42361 +42695 44 22 1
a contact +42361 +42695 22 44 1
a contact +48147 +48897 44 22 1
a contact +48147 +48897 22 44 1
a contact +54484 +54730 44 22 1
a contact +54484 +54730 22 44 1
a contact +86220 +86866 44 22 1
a contact +86220 +86866 22 44 1
a contact +92232 +92945 44 22 1
a contact +92232 +92945 22 44 1
a contact +132558 +133283 44 22 1
a contact +132558 +133283 22 44 1
a contact +138698 +139257 44 22 1
a contact +138698 +139257 22 44 1
a contact +170692 +171143 44 22 1
a contact +170692 +171143 22 44 1
a contact +176609 +177371 44 22 1
a contact +176609 +177371 22 44 1
a contact +182939 +183005 44 22 1
a contact +182939 +183005 22 44 1
a contact +217006 +217647 44 22 1
a contact +217006 +217647 22 44 1
a contact +223013 +223702 44 22 1
a contact +223013 +223702 22 44 1
a contact +261007 +261762 44 22 1
a contact +261007 +261762 22 44 1
a contact +267133 +267654 44 22 1
a contact +267133 +267654 22 44 1
a contact +301508 +301972 44 22 1
a contact +301508 +301972 22 44 1
a contact +307373 +308117 44 22 1
a contact +307373 +308117 22 44 1
a contact +345425 +346118 44 22 1
a contact +345425 +346118 22 44 1
a contact +351468 +352144 44 22 1
a contact +351468 +352144 22 44 1
a contact +391770 +392511 44 22 1
a contact +391770 +392511 22 44 1
a contact +397974 +398444 44 22 1
a contact +397974 +398444 22 44 1
a contact +429874 +430425 44 22 1
a contact +429874 +430425 22 44 1
a contact +435837 +436585 44 22 1
a contact +435837 +436585 22 44 1
a contact +476201 +476885 44 22 1
a contact +476201 +476885 22 44 1
a contact +482261 +482909 44 22 1
a contact +482261 +482909 22 44 1
a contact +514427 +514610 44 22 1
a contact +514427 +514610 22 44 1
a contact +520226 +520990 44 22 1
a contact +520226 +520990 22 44 1
a contact +526399 +526813 44 22 1
a contact +526399 +526813 22 44 1
a contact +560677 +561230 44 22 1
a contact +560677 +561230 22 44 1
a contact +566605 +567334 44 22 1
a contact +566605 +567334 22 44 1
a contact +604635 +604800 44 22 1
a contact +604635 +604800 22 44 1
a contact +5043 +5788 44 24 1
a contact +5043 +5788 24 44 1
a contact +44998 +45577 44 24 1
a contact +44998 +45577 24 44 1
a contact +50954 +51665 44 24 1
a contact +50954 +51665 24 44 1
a contact +89453 +90167 44 24 1
a contact +89453 +90167 24 44 1
a contact +95582 +96072 44 24 1
a contact +95582 +96072 24 44 1
a contact +129592 +129808 44 24 1
a contact +129592 +129808 24 44 1
a contact +135322 +136084 44 24 1
a contact +135322 +136084 24 44 1
a contact +173900 +174499 44 24 1
a contact +173900 +174499 24 44 1
a contact +179901 +180568 44 24 1
a contact +179901 +180568 24 44 1
a contact +219729 +220473 44 24 1
a contact +219729 +220473 24 44 1
a contact +225921 +226376 44 24 1
a contact +225921 +226376 24 44 1
a contact +258434 +258733 44 24 1
a contact +258434 +258733 24 44 1
a contact +264268 +265006 44 24 1
a contact +264268 +265006 24 44 1
a contact +304181 +304829 44 24 1
a contact +304181 +304829 24 44 1
a contact +310202 +310867 44 24 1
a contact +310202 +310867 24 44 1
a contact +348665 +349401 44 24 1
a contact +348665 +349401 24 44 1
a contact +354867 +355218 44 24 1
a contact +354867 +355218 24 44 1
a contact +388703 +389127 44 24 1
a contact +388703 +389127 24 44 1
a contact +394550 +395300 44 24 1
a contact +394550 +395300 24 44 1
a contact +433095 +433755 44 24 1
a contact +433095 +433755 24 44 1
a contact +439147 +439758 44 24 1
a contact +439147 +439758 24 44 1
a contact +478942 +479701 44 24 1
a contact +478942 +479701 24 44 1
a contact +485241 +485513 44 24 1
a contact +485241 +485513 24 44 1
a contact +517579 +518043 44 24 1
a contact +517579 +518043 24 44 1
a contact +523498 +524216 44 24 1
a contact +523498 +524216 24 44 1
a contact +563374 +564072 44 24 1
a contact +563374 +564072 24 44 1
a contact +569460 +570060 44 24 1
a contact +569460 +570060 24 44 1
a contact +24681 +25236 44 26 1
a contact +24681 +25236 26 44 1
a contact +30571 +31310 44 26 1
a contact +30571 +31310 26 44 1
a contact +36625 +37365 44 26 1
a contact +36625 +37365 26 44 1
a contact +42833 +43414 44 26 1
a contact +42833 +43414 26 44 1
a contact +49173 +49471 44 26 1
a contact +49173 +49471 26 44 1
a contact +55449 +55668 44 26 1
a contact +55449 +55668 26 44 1
a contact +61517 +62031 44 26 1
a contact +61517 +62031 26 44 1
a contact +67567 +68284 44 26 1
a contact +67567 +68284 26 44 1
a contact +73619 +74384 44 26 1
a contact +73619 +74384 26 44 1
a contact +79684 +80325 44 26 1
a contact +79684 +80325 26 44 1
a contact +85819 +86054 44 26 1
a contact +85819 +86054 26 44 1
a contact +109157 +109610 44 26 1
a contact +109157 +109610 26 44 1
a contact +114991 +115698 44 26 1
a contact +114991 +115698 26 44 1
a contact +120999 +121756 44 26 1
a contact +120999 +121756 26 44 1
a contact +127162 +127806 44 26 1
a contact +127162 +127806 26 44 1
a contact +133470 +133858 44 26 1
a contact +133470 +133858 26 44 1
a contact +139810 +139980 44 26 1
a contact +139810 +139980 26 44 1
a contact +145908 +146337 44 26 1
a contact +145908 +146337 26 44 1
a contact +151958 +152631 44 26 1
a contact +151958 +152631 26 44 1
a contact +158009 +158777 44 26 1
a contact +158009 +158777 26 44 1
a contact +164068 +164766 44 26 1
a contact +164068 +164766 26 44 1
a contact +170164 +170575 44 26 1
a contact +170164 +170575 26 44 1
a contact +193662 +193967 44 26 1
a contact +193662 +193967 26 44 1
a contact +199426 +200083 44 26 1
a contact +199426 +200083 26 44 1
a contact +205386 +206146 44 26 1
a contact +205386 +206146 26 44 1
a contact +211504 +212197 44 26 1
a contact +211504 +212197 26 44 1
a contact +217773 +218247 44 26 1
a contact +217773 +218247 26 44 1
a contact +224136 +224325 44 26 1
a contact +224136 +224325 26 44 1
a contact +230296 +230636 44 26 1
a contact +230296 +230636 26 44 1
a contact +236350 +236965 44 26 1
a contact +236350 +236965 26 44 1
a contact +242400 +243156 44 26 1
a contact +242400 +243156 26 44 1
a contact +248455 +249192 44 26 1
a contact +248455 +249192 26 44 1
a contact +254533 +255060 44 26 1
a contact +254533 +255060 26 44 1
a contact +283876 +284466 44 26 1
a contact +283876 +284466 26 44 1
a contact +289787 +290535 44 26 1
a contact +289787 +290535 26 44 1
a contact +295860 +296589 44 26 1
a contact +295860 +296589 26 44 1
a contact +302086 +302638 44 26 1
a contact +302086 +302638 26 44 1
a contact +308437 +308699 44 26 1
a contact +308437 +308699 26 44 1
a contact +314679 +314931 44 26 1
a contact +314679 +314931 26 44 1
a contact +320741 +321287 44 26 1
a contact +320741 +321287 26 44 1
a contact +326791 +327522 44 26 1
a contact +326791 +327522 26 44 1
a contact +332843 +333604 44 26 1
a contact +332843 +333604 26 44 1
a contact +338911 +339524 44 26 1
a contact +338911 +339524 26 44 1
a contact +345098 +345185 44 26 1
a contact +345098 +345185 26 44 1
a contact +368344 +368842 44 26 1
a contact +368344 +368842 26 44 1
a contact +374202 +374924 44 26 1
a contact +374202 +374924 26 44 1
a contact +380228 +380980 44 26 1
a contact +380228 +380980 26 44 1
a contact +386410 +387030 44 26 1
a contact +386410 +387030 26 44 1
a contact +392733 +393083 44 26 1
a contact +392733 +393083 26 44 1
a contact +399050 +399233 44 26 1
a contact +399050 +399233 26 44 1
a contact +405132 +405598 44 26 1
a contact +405132 +405598 26 44 1
a contact +411182 +411875 44 26 1
a contact +411182 +411875 26 44 1
a contact +417233 +418002 44 26 1
a contact +417233 +418002 26 44 1
a contact +423294 +423971 44 26 1
a contact +423294 +423971 26 44 1
a contact +429402 +429752 44 26 1
a contact +429402 +429752 26 44 1
a contact +452834 +453208 44 26 1
a contact +452834 +453208 26 44 1
a contact +458630 +459310 44 26 1
a contact +458630 +459310 26 44 1
a contact +464610 +465370 44 26 1
a contact +464610 +465370 26 44 1
a contact +470747 +471421 44 26 1
a contact +470747 +471421 26 44 1
a contact +477032 +477472 44 26 1
a contact +477032 +477472 26 44 1
a contact +483391 +483564 44 26 1
a contact +483391 +483564 26 44 1
a contact +489521 +489899 44 26 1
a contact +489521 +489899 26 44 1
a contact +495574 +496214 44 26 1
a contact +495574 +496214 26 44 1
a contact +501624 +502387 44 26 1
a contact +501624 +502387 26 44 1
a contact +507680 +508403 44 26 1
a contact +507680 +508403 26 44 1
a contact +513764 +514248 44 26 1
a contact +513764 +514248 26 44 1
a contact +537374 +537536 44 26 1
a contact +537374 +537536 26 44 1
a contact +543074 +543694 44 26 1
a contact +543074 +543694 26 44 1
a contact +549005 +549760 44 26 1
a contact +549005 +549760 26 44 1
a contact +555097 +555813 44 26 1
a contact +555097 +555813 26 44 1
a contact +561341 +561862 44 26 1
a contact +561341 +561862 26 44 1
a contact +567700 +567928 44 26 1
a contact +567700 +567928 26 44 1
a contact +573907 +574194 44 26 1
a contact +573907 +574194 26 44 1
a contact +579965 +580541 44 26 1
a contact +579965 +580541 26 44 1
a contact +586015 +586758 44 26 1
a contact +586015 +586758 26 44 1
a contact +592068 +592821 44 26 1
a contact +592068 +592821 26 44 1
a contact +598140 +598720 44 26 1
a contact +598140 +598720 26 44 1
a contact +18117 +18807 44 30 1
a contact +18117 +18807 30 44 1
a contact +24173 +24839 44 30 1
a contact +24173 +24839 30 44 1
a contact +56112 +56442 44 30 1
a contact +56112 +56442 30 44 1
a contact +61989 +62754 44 30 1
a contact +61989 +62754 30 44 1
a contact +68136 +68603 44 30 1
a contact +68136 +68603 30 44 1
a contact +102585 +103160 44 30 1
a contact +102585 +103160 30 44 1
a contact +108522 +109256 44 30 1
a contact +108522 +109256 30 44 1
a contact +146394 +147127 44 30 1
a contact +146394 +147127 30 44 1
a contact +152465 +153107 44 30 1
a contact +152465 +153107 30 44 1
a contact +187122 +187462 44 30 1
a contact +187122 +187462 30 44 1
a contact +192906 +193656 44 30 1
a contact +192906 +193656 30 44 1
a contact +199153 +199576 44 30 1
a contact +199153 +199576 30 44 1
a contact +230819 +231463 44 30 1
a contact +230819 +231463 30 44 1
a contact +236829 +237559 44 30 1
a contact +236829 +237559 30 44 1
a contact +277321 +278040 44 30 1
a contact +277321 +278040 30 44 1
a contact +283426 +284044 44 30 1
a contact +283426 +284044 30 44 1
a contact +315281 +315744 44 30 1
a contact +315281 +315744 30 44 1
a contact +321212 +321977 44 30 1
a contact +321212 +321977 30 44 1
a contact +327409 +327752 44 30 1
a contact +327409 +327752 30 44 1
a contact +361772 +362404 44 30 1
a contact +361772 +362404 30 44 1
a contact +367759 +368472 44 30 1
a contact +367759 +368472 30 44 1
a contact +405610 +406362 44 30 1
a contact +405610 +406362 30 44 1
a contact +411709 +412292 44 30 1
a contact +411709 +412292 30 44 1
a contact +446272 +446734 44 30 1
a contact +446272 +446734 30 44 1
a contact +452129 +452878 44 30 1
a contact +452129 +452878 30 44 1
a contact +458465 +458734 44 30 1
a contact +458465 +458734 30 44 1
a contact +490026 +490714 44 30 1
a contact +490026 +490714 30 44 1
a contact +496062 +496763 44 30 1
a contact +496062 +496763 30 44 1
a contact +536531 +537269 44 30 1
a contact +536531 +537269 30 44 1
a contact +542689 +543244 44 30 1
a contact +542689 +543244 30 44 1
a contact +574469 +575022 44 30 1
a contact +574469 +575022 30 44 1
a contact +580437 +581194 44 30 1
a contact +580437 +581194 30 44 1
a contact +586754 +586826 44 30 1
a contact +586754 +586826 30 44 1
