a contact +0 +604800 2 1 1
a contact +0 +604800 1 2 1
a contact +0 +604800 4 1 1
a contact +0 +604800 1 4 1
a contact +0 +604800 6 1 1
a contact +0 +604800 1 6 1
a contact +0 +604800 8 1 1
a contact +0 +604800 1 8 1
a contact +0 +604800 10 1 1
a contact +0 +604800 1 10 1
a contact +0 +604800 44 45 1
a contact +0 +604800 45 44 1
a contact +4069 +4733 44 2 1
a contact +4069 +4733 2 44 1
a contact +10158 +10895 44 2 1
a contact +10158 +10895 2 44 1
a contact +16221 +16983 44 2 1
a contact +16221 +16983 2 44 1
a contact +22270 +22976 44 2 1
a contact +22270 +22976 2 44 1
a contact +28310 +28875 44 2 1
a contact +28310 +28875 2 44 1
a contact +34334 +34702 44 2 1
a contact +34334 +34702 2 44 1
a contact +40298 +40538 44 2 1
a contact +40298 +40538 2 44 1
a contact +46130 +46505 44 2 1
a contact +46130 +46505 2 44 1
a contact +51956 +52530 44 2 1
a contact +51956 +52530 2 44 1
a contact +57856 +58570 44 2 1
a contact +57856 +58570 2 44 1
a contact +63851 +64619 44 2 1
a contact +63851 +64619 2 44 1
a contact +69940 +70682 44 2 1
a contact +69940 +70682 2 44 1
a contact +76104 +76770 44 2 1
a contact +76104 +76770 2 44 1
a contact +82292 +82903 44 2 1
a contact +82292 +82903 2 44 1
a contact +88442 +89083 44 2 1
a contact +88442 +89083 2 44 1
a contact +94541 +95259 44 2 1
a contact +94541 +95259 2 44 1
a contact +100610 +101373 44 2 1
a contact +100610 +101373 2 44 1
a contact +106663 +107394 44 2 1
a contact +106663 +107394 2 44 1
a contact +112705 +113320 44 2 1
a contact +112705 +113320 2 44 1
a contact +118736 +119163 44 2 1
a contact +118736 +119163 2 44 1
a contact +124728 +124981 44 2 1
a contact +124728 +124981 2 44 1
a contact +130592 +130910 44 2 1
a contact +130592 +130910 2 44 1
a contact +136407 +136926 44 2 1
a contact +136407 +136926 2 44 1
a contact +142282 +142963 44 2 1
a contact +142282 +142963 2 44 1
a contact +148248 +149009 44 2 1
a contact +148248 +149009 2 44 1
a contact +154311 +155067 44 2 1
a contact +154311 +155067 2 44 1
a contact +160457 +161146 44 2 1
a contact +160457 +161146 2 44 1
a contact +166645 +167265 44 2 1
a contact +166645 +167265 2 44 1
a contact +172809 +173434 44 2 1
a contact +172809 +173434 2 44 1
a contact +178922 +179618 44 2 1
a contact +178922 +179618 2 44 1
a contact +184998 +185754 44 2 1
a contact +184998 +185754 2 44 1
a contact +191054 +191804 44 2 1
a contact +191054 +191804 2 44 1
a contact +197100 +197757 44 2 1
a contact +197100 +197757 2 44 1
a contact +203135 +203622 44 2 1
a contact +203135 +203622 2 44 1
a contact +209145 +209436 44 2 1
a contact +209145 +209436 2 44 1
a contact +215051 +215322 44 2 1
a contact +215051 +215322 2 44 1
a contact +220864 +221324 44 2 1
a contact +220864 +221324 2 44 1
a contact +226716 +227357 44 2 1
a contact +226716 +227357 2 44 1
a contact +232654 +233401 44 2 1
a contact +232654 +233401 2 44 1
a contact +238689 +239455 44 2 1
a contact +238689 +239455 2 44 1
a contact +244813 +245526 44 2 1
a contact +244813 +245526 2 44 1
a contact +250995 +251631 44 2 1
a contact +250995 +251631 2 44 1
a contact +257172 +257786 44 2 1
a contact +257172 +257786 2 44 1
a contact +263300 +263973 44 2 1
a contact +263300 +263973 2 44 1
a contact +269384 +270128 44 2 1
a contact +269384 +270128 2 44 1
a contact +275445 +276205 44 2 1
a contact +275445 +276205 2 44 1
a contact +281493 +282187 44 2 1
a contact +281493 +282187 2 44 1
a contact +287532 +288075 44 2 1
a contact +287532 +288075 2 44 1
a contact +293553 +293897 44 2 1
a contact +293553 +293897 2 44 1
a contact +299501 +299745 44 2 1
a contact +299501 +299745 2 44 1
a contact +305325 +305724 44 2 1
a contact +305325 +305724 2 44 1
a contact +311158 +311752 44 2 1
a contact +311158 +311752 2 44 1
a contact +317068 +317793 44 2 1
a contact +317068 +317793 2 44 1
a contact +323075 +323844 44 2 1
a contact +323075 +323844 2 44 1
a contact +329175 +329909 44 2 1
a contact +329175 +329909 2 44 1
a contact +335345 +336001 44 2 1
a contact +335345 +336001 2 44 1
a contact +341531 +342141 44 2 1
a contact +341531 +342141 2 44 1
a contact +347674 +348324 44 2 1
a contact +347674 +348324 2 44 1
a contact +353769 +354495 44 2 1
a contact +353769 +354495 2 44 1
a contact +359835 +360598 44 2 1
a contact +359835 +360598 2 44 1
a contact +365886 +366608 44 2 1
a contact +365886 +366608 2 44 1
a contact +371928 +372523 44 2 1
a contact +371928 +372523 2 44 1
a contact +377956 +378359 44 2 1
a contact +377956 +378359 2 44 1
a contact +383937 +384182 44 2 1
a contact +383937 +384182 2 44 1
a contact +389787 +390127 44 2 1
a contact +389787 +390127 2 44 1
a contact +395606 +396148 44 2 1
a contact +395606 +396148 2 44 1
a contact +401491 +402186 44 2 1
a contact +401491 +402186 2 44 1
a contact +407469 +408233 44 2 1
a contact +407469 +408233 2 44 1
a contact +413542 +414294 44 2 1
a contact +413542 +414294 2 44 1
a contact +419696 +420376 44 2 1
a contact +419696 +420376 2 44 1
a contact +425885 +426500 44 2 1
a contact +425885 +426500 2 44 1
a contact +432044 +432675 44 2 1
a contact +432044 +432675 2 44 1
a contact +438151 +438856 44 2 1
a contact +438151 +438856 2 44 1
a contact +444224 +444983 44 2 1
a contact +444224 +444983 2 44 1
a contact +450278 +451021 44 2 1
a contact +450278 +451021 2 44 1
a contact +456322 +456963 44 2 1
a contact +456322 +456963 2 44 1
a contact +462356 +462819 44 2 1
a contact +462356 +462819 2 44 1
a contact +468359 +468633 44 2 1
a contact +468359 +468633 2 44 1
a contact +474248 +474536 44 2 1
a contact +474248 +474536 2 44 1
a contact +480060 +480545 44 2 1
a contact +480060 +480545 2 44 1
a contact +485921 +486580 44 2 1
a contact +485921 +486580 2 44 1
a contact +491871 +492624 44 2 1
a contact +491871 +492624 2 44 1
a contact +497917 +498680 44 2 1
a contact +497917 +498680 2 44 1
a contact +504051 +504755 44 2 1
a contact +504051 +504755 2 44 1
a contact +510236 +510864 44 2 1
a contact +510236 +510864 2 44 1
a contact +516409 +517026 44 2 1
a contact +516409 +517026 2 44 1
a contact +522530 +523212 44 2 1
a contact +522530 +523212 2 44 1
a contact +528611 +529360 44 2 1
a contact +528611 +529360 2 44 1
a contact +534670 +535426 44 2 1
a contact +534670 +535426 2 44 1
a contact +540716 +541396 44 2 1
a contact +540716 +541396 2 44 1
a contact +546753 +547274 44 2 1
a contact +546753 +547274 2 44 1
a contact +552771 +553092 44 2 1
a contact +552771 +553092 2 44 1
a contact +558702 +558954 44 2 1
a contact +558702 +558954 2 44 1
a contact +564520 +564944 44 2 1
a contact +564520 +564944 2 44 1
a contact +570360 +570974 44 2 1
a contact +570360 +570974 2 44 1
a contact +576282 +577016 44 2 1
a contact +576282 +577016 2 44 1
a contact +582300 +583068 44 2 1
a contact +582300 +583068 2 44 1
a contact +588410 +589136 44 2 1
a contact +588410 +589136 2 44 1
a contact +594586 +595233 44 2 1
a contact +594586 +595233 2 44 1
a contact +600769 +601379 44 2 1
a contact +600769 +601379 2 44 1
a contact +15500 +15771 44 4 1
a contact +15500 +15771 4 44 1
a contact +21230 +21981 44 4 1
a contact +21230 +21981 4 44 1
a contact +27347 +27995 44 4 1
a contact +27347 +27995 4 44 1
a contact +58888 +59477 44 4 1
a contact +58888 +59477 4 44 1
a contact +64885 +65633 44 4 1
a contact +64885 +65633 4 44 1
a contact +71053 +71428 44 4 1
a contact +71053 +71428 4 44 1
a contact +105662 +106358 44 4 1
a contact +105662 +106358 4 44 1
a contact +111684 +112412 44 4 1
a contact +111684 +112412 4 44 1
a contact +143344 +143748 44 4 1
a contact +143344 +143748 4 44 1
a contact +149277 +150028 44 4 1
a contact +149277 +150028 4 44 1
a contact +155376 +155947 44 4 1
a contact +155376 +155947 4 44 1
a contact +190127 +190719 44 4 1
a contact +190127 +190719 4 44 1
a contact +196051 +196815 44 4 1
a contact +196051 +196815 4 44 1
a contact +202334 +202748 44 4 1
a contact +202334 +202748 4 44 1
a contact +233680 +234396 44 4 1
a contact +233680 +234396 4 44 1
a contact +239736 +240414 44 4 1
a contact +239736 +240414 4 44 1
a contact +274641 +275047 44 4 1
a contact +274641 +275047 4 44 1
a contact +280445 +281207 44 4 1
a contact +280445 +281207 4 44 1
a contact +286604 +287204 44 4 1
a contact +286604 +287204 4 44 1
a contact +318096 +318734 44 4 1
a contact +318096 +318734 4 44 1
a contact +324112 +324848 44 4 1
a contact +324112 +324848 4 44 1
a contact +330338 +330560 44 4 1
a contact +330338 +330560 4 44 1
a contact +364866 +365589 44 4 1
a contact +364866 +365589 4 44 1
a contact +370926 +371627 44 4 1
a contact +370926 +371627 4 44 1
a contact +402535 +403031 44 4 1
a contact +402535 +403031 4 44 1
a contact +408500 +409254 44 4 1
a contact +408500 +409254 4 44 1
a contact +414622 +415127 44 4 1
a contact +414622 +415127 4 44 1
a contact +449316 +449958 44 4 1
a contact +449316 +449958 4 44 1
a contact +455281 +456035 44 4 1
a contact +455281 +456035 4 44 1
a contact +461640 +461920 44 4 1
a contact +461640 +461920 4 44 1
a contact +487052 +487228 44 4 1
a contact +487052 +487228 4 44 1
a contact +492898 +493633 44 4 1
a contact +492898 +493633 4 44 1
a contact +498970 +499611 44 4 1
a contact +498970 +499611 4 44 1
a contact +533806 +534303 44 4 1
a contact +533806 +534303 4 44 1
a contact +539665 +540432 44 4 1
a contact +539665 +540432 4 44 1
a contact +545870 +546407 44 4 1
a contact +545870 +546407 4 44 1
a contact +577308 +577984 44 4 1
a contact +577308 +577984 4 44 1
a contact +583340 +584058 44 4 1
a contact +583340 +584058 4 44 1
a contact +24110 +24834 44 6 1
a contact +24110 +24834 6 44 1
a contact +30230 +30829 44 6 1
a contact +30230 +30829 6 44 1
a contact +62100 +62576 44 6 1
a contact +62100 +62576 6 44 1
a contact +68034 +68798 44 6 1
a contact +68034 +68798 6 44 1
a contact +74259 +74541 44 6 1
a contact +74259 +74541 6 44 1
a contact +108558 +109199 44 6 1
a contact +108558 +109199 6 44 1
a contact +114556 +115261 44 6 1
a contact +114556 +115261 6 44 1
a contact +152432 +153187 44 6 1
a contact +152432 +153187 6 44 1
a contact +158540 +159101 44 6 1
a contact +158540 +159101 6 44 1
a contact +193055 +193532 44 6 1
a contact +193055 +193532 6 44 1
a contact +198922 +199670 44 6 1
a contact +198922 +199670 6 44 1
a contact +205312 +205478 44 6 1
a contact +205312 +205478 6 44 1
a contact +236847 +237542 44 6 1
a contact +236847 +237542 6 44 1
a contact +242888 +243578 44 6 1
a contact +242888 +243578 6 44 1
a contact +283322 +284062 44 6 1
a contact +283322 +284062 6 44 1
a contact +289497 +290025 44 6 1
a contact +289497 +290025 6 44 1
a contact +321289 +321853 44 6 1
a contact +321289 +321853 6 44 1
a contact +327261 +328014 44 6 1
a contact +327261 +328014 6 44 1
a contact +367754 +368437 44 6 1
a contact +367754 +368437 6 44 1
a contact +373801 +374471 44 6 1
a contact +373801 +374471 6 44 1
a contact +405803 +406072 44 6 1
a contact +405803 +406072 6 44 1
a contact +411651 +412416 44 6 1
a contact +411651 +412416 6 44 1
a contact +417796 +418272 44 6 1
a contact +417796 +418272 6 44 1
a contact +452227 +452786 44 6 1
a contact +452227 +452786 6 44 1
a contact +458153 +458889 44 6 1
a contact +458153 +458889 6 44 1
a contact +496059 +496785 44 6 1
a contact +496059 +496785 6 44 1
a contact +502126 +502773 44 6 1
a contact +502126 +502773 6 44 1
a contact +536780 +537073 44 6 1
a contact +536780 +537073 6 44 1
a contact +542538 +543288 44 6 1
a contact +542538 +543288 6 44 1
a contact +548779 +549209 44 6 1
a contact +548779 +549209 6 44 1
a contact +580487 +581117 44 6 1
a contact +580487 +581117 6 44 1
a contact +586490 +587224 44 6 1
a contact +586490 +587224 6 44 1
a contact +0 +306 44 8 1
a contact +0 +306 8 44 1
a contact +5813 +6153 44 8 1
a contact +5813 +6153 8 44 1
a contact +38514 +38840 44 8 1
a contact +38514 +38840 8 44 1
a contact +44343 +45095 44 8 1
a contact +44343 +45095 8 44 1
a contact +84028 +84661 44 8 1
a contact +84028 +84661 8 44 1
a contact +90064 +90682 44 8 1
a contact +90064 +90682 8 44 1
a contact +128739 +129495 44 8 1
a contact +128739 +129495 8 44 1
a contact +134992 +135265 44 8 1
a contact +134992 +135265 8 44 1
a contact +168554 +168947 44 8 1
a contact +168554 +168947 8 44 1
a contact +174405 +175128 44 8 1
a contact +174405 +175128 8 44 1
a contact +213170 +213853 44 8 1
a contact +213170 +213853 8 44 1
a contact +219235 +219837 44 8 1
a contact +219235 +219837 8 44 1
a contact +258792 +259534 44 8 1
a contact +258792 +259534 8 44 1
a contact +297658 +298147 44 8 1
a contact +297658 +298147 8 44 1
a contact +303575 +304303 44 8 1
a contact +303575 +304303 8 44 1
a contact +343221 +343905 44 8 1
a contact +343221 +343905 8 44 1
a contact +349329 +349865 44 8 1
a contact +349329 +349865 8 44 1
a contact +387957 +388720 44 8 1
a contact +387957 +388720 8 44 1
a contact +427707 +428228 44 8 1
a contact +427707 +428228 8 44 1
a contact +433643 +434335 44 8 1
a contact +433643 +434335 8 44 1
a contact +472372 +473096 44 8 1
a contact +472372 +473096 8 44 1
a contact +478499 +479008 44 8 1
a contact +478499 +479008 8 44 1
a contact +518013 +518756 44 8 1
a contact +518013 +518756 8 44 1
a contact +556832 +557422 44 8 1
a contact +556832 +557422 8 44 1
a contact +562814 +563503 44 8 1
a contact +562814 +563503 8 44 1
a contact +602424 +603142 44 8 1
a contact +602424 +603142 8 44 1
a contact +29067 +29547 44 10 1
a contact +29067 +29547 10 44 1
a contact +35001 +35737 44 10 1
a contact +35001 +35737 10 44 1
a contact +75271 +75957 44 10 1
a contact +75271 +75957 10 44 1
a contact +81316 +81987 44 10 1
a contact +81316 +81987 10 44 1
a contact +119393 +120138 44 10 1
a contact +119393 +120138 10 44 1
a contact +125568 +125966 44 10 1
a contact +125568 +125966 10 44 1
a contact +159757 +160293 44 10 1
a contact +159757 +160293 10 44 1
a contact +165663 +166412 44 10 1
a contact +165663 +166412 10 44 1
a contact +203807 +204503 44 10 1
a contact +203807 +204503 10 44 1
a contact +209874 +210489 44 10 1
a contact +209874 +210489 10 44 1
a contact +244383 +244507 44 10 1
a contact +244383 +244507 10 44 1
a contact +250049 +250813 44 10 1
a contact +250049 +250813 10 44 1
a contact +256323 +256687 44 10 1
a contact +256323 +256687 10 44 1
a contact +288252 +288822 44 10 1
a contact +288252 +288822 10 44 1
a contact +294231 +294946 44 10 1
a contact +294231 +294946 10 44 1
a contact +334471 +335193 44 10 1
a contact +334471 +335193 10 44 1
a contact +340573 +341187 44 10 1
a contact +340573 +341187 10 44 1
a contact +372781 +373040 44 10 1
a contact +372781 +373040 10 44 1
a contact +378614 +379362 44 10 1
a contact +378614 +379362 10 44 1
a contact +384877 +385081 44 10 1
a contact +384877 +385081 10 44 1
a contact +418934 +419545 44 10 1
a contact +418934 +419545 10 44 1
a contact +424900 +425625 44 10 1
a contact +424900 +425625 10 44 1
a contact +463018 +463743 44 10 1
a contact +463018 +463743 10 44 1
a contact +469124 +469670 44 10 1
a contact +469124 +469670 10 44 1
a contact +503470 +503842 44 10 1
a contact +503470 +503842 10 44 1
a contact +509271 +510035 44 10 1
a contact +509271 +510035 10 44 1
a contact +515721 +515756 44 10 1
a contact +515721 +515756 10 44 1
a contact +547449 +548083 44 10 1
a contact +547449 +548083 10 44 1
a contact +553466 +554148 44 10 1
a contact +553466 +554148 10 44 1
a contact +593678 +594424 44 10 1
a contact +593678 +594424 10 44 1
a contact +599841 +600378 44 10 1
a contact +599841 +600378 10 44 1
a contact +3516 +4172 45 2 1
a contact +3516 +4172 2 45 1
a contact +9607 +10339 45 2 1
a contact +9607 +10339 2 45 1
a contact +15672 +16435 45 2 1
a contact +15672 +16435 2 45 1
a contact +21722 +22437 45 2 1
a contact +21722 +22437 2 45 1
a contact +27763 +28344 45 2 1
a contact +27763 +28344 2 45 1
a contact +33790 +34176 45 2 1
a contact +33790 +34176 2 45 1
a contact +39763 +40004 45 2 1
a contact +39763 +40004 2 45 1
a contact +45604 +45960 45 2 1
a contact +45604 +45960 2 45 1
a contact +51426 +51983 45 2 1
a contact +51426 +51983 2 45 1
a contact +57318 +58022 45 2 1
a contact +57318 +58022 2 45 1
a contact +63304 +64070 45 2 1
a contact +63304 +64070 2 45 1
a contact +69385 +70132 45 2 1
a contact +69385 +70132 2 45 1
a contact +75544 +76217 45 2 1
a contact +75544 +76217 2 45 1
a contact +81732 +82345 45 2 1
a contact +81732 +82345 2 45 1
a contact +87887 +88523 45 2 1
a contact +87887 +88523 2 45 1
a contact +93990 +94702 45 2 1
a contact +93990 +94702 2 45 1
a contact +100061 +100822 45 2 1
a contact +100061 +100822 2 45 1
a contact +106115 +106853 45 2 1
a contact +106115 +106853 2 45 1
a contact +112158 +112787 45 2 1
a contact +112158 +112787 2 45 1
a contact +118190 +118636 45 2 1
a contact +118190 +118636 2 45 1
a contact +124189 +124451 45 2 1
a contact +124189 +124451 2 45 1
a contact +130066 +130367 45 2 1
a contact +130066 +130367 2 45 1
a contact +135879 +136380 45 2 1
a contact +135879 +136380 2 45 1
a contact +141746 +142416 45 2 1
a contact +141746 +142416 2 45 1
a contact +147704 +148461 45 2 1
a contact +147704 +148461 2 45 1
a contact +153758 +154518 45 2 1
a contact +153758 +154518 2 45 1
a contact +159897 +160594 45 2 1
a contact +159897 +160594 2 45 1
a contact +166084 +166708 45 2 1
a contact +166084 +166708 2 45 1
a contact +172253 +172873 45 2 1
a contact +172253 +172873 2 45 1
a contact +178370 +179059 45 2 1
a contact +178370 +179059 2 45 1
a contact +184448 +185201 45 2 1
a contact +184448 +185201 2 45 1
a contact +190506 +191260 45 2 1
a contact +190506 +191260 2 45 1
a contact +196552 +197222 45 2 1
a contact +196552 +197222 2 45 1
a contact +202588 +203093 45 2 1
a contact +202588 +203093 2 45 1
a contact +208602 +208909 45 2 1
a contact +208602 +208909 2 45 1
a contact +214522 +214782 45 2 1
a contact +214522 +214782 2 45 1
a contact +220337 +220778 45 2 1
a contact +220337 +220778 2 45 1
a contact +226183 +226810 45 2 1
a contact +226183 +226810 2 45 1
a contact +232112 +232853 45 2 1
a contact +232112 +232853 2 45 1
a contact +238138 +238906 45 2 1
a contact +238138 +238906 2 45 1
a contact +244255 +244975 45 2 1
a contact +244255 +244975 2 45 1
a contact +250434 +251076 45 2 1
a contact +250434 +251076 2 45 1
a contact +256614 +257226 45 2 1
a contact +256614 +257226 2 45 1
a contact +262747 +263412 45 2 1
a contact +262747 +263412 2 45 1
a contact +268834 +269573 45 2 1
a contact +268834 +269573 2 45 1
a contact +274897 +275658 45 2 1
a contact +274897 +275658 2 45 1
a contact +280946 +281649 45 2 1
a contact +280946 +281649 2 45 1
a contact +286985 +287545 45 2 1
a contact +286985 +287545 2 45 1
a contact +293009 +293370 45 2 1
a contact +293009 +293370 2 45 1
a contact +298968 +299209 45 2 1
a contact +298968 +299209 2 45 1
a contact +304798 +305179 45 2 1
a contact +304798 +305179 2 45 1
a contact +310626 +311205 45 2 1
a contact +310626 +311205 2 45 1
a contact +316529 +317245 45 2 1
a contact +316529 +317245 2 45 1
a contact +322526 +323295 45 2 1
a contact +322526 +323295 2 45 1
a contact +328619 +329358 45 2 1
a contact +328619 +329358 2 45 1
a contact +334784 +335448 45 2 1
a contact +334784 +335448 2 45 1
a contact +340971 +341582 45 2 1
a contact +340971 +341582 2 45 1
a contact +347119 +347763 45 2 1
a contact +347119 +347763 2 45 1
a contact +353218 +353938 45 2 1
a contact +353218 +353938 2 45 1
a contact +359286 +360049 45 2 1
a contact +359286 +360049 2 45 1
a contact +365338 +366068 45 2 1
a contact +365338 +366068 2 45 1
a contact +371381 +371991 45 2 1
a contact +371381 +371991 2 45 1
a contact +377411 +377832 45 2 1
a contact +377411 +377832 2 45 1
a contact +383400 +383651 45 2 1
a contact +383400 +383651 2 45 1
a contact +389261 +389584 45 2 1
a contact +389261 +389584 2 45 1
a contact +395077 +395601 45 2 1
a contact +395077 +395601 2 45 1
a contact +400954 +401638 45 2 1
a contact +400954 +401638 2 45 1
a contact +406923 +407685 45 2 1
a contact +406923 +407685 2 45 1
a contact +412988 +413744 45 2 1
a contact +412988 +413744 2 45 1
a contact +419137 +419824 45 2 1
a contact +419137 +419824 2 45 1
a contact +425324 +425943 45 2 1
a contact +425324 +425943 2 45 1
a contact +431488 +432114 45 2 1
a contact +431488 +432114 2 45 1
a contact +437599 +438298 45 2 1
a contact +437599 +438298 2 45 1
a contact +443674 +444431 45 2 1
a contact +443674 +444431 2 45 1
a contact +449730 +450478 45 2 1
a contact +449730 +450478 2 45 1
a contact +455775 +456429 45 2 1
a contact +455775 +456429 2 45 1
a contact +461810 +462291 45 2 1
a contact +461810 +462291 2 45 1
a contact +467818 +468105 45 2 1
a contact +467818 +468105 2 45 1
a contact +473720 +473995 45 2 1
a contact +473720 +473995 2 45 1
a contact +479533 +479999 45 2 1
a contact +479533 +479999 2 45 1
a contact +485387 +486032 45 2 1
a contact +485387 +486032 2 45 1
a contact +491328 +492076 45 2 1
a contact +491328 +492076 2 45 1
a contact +497366 +498131 45 2 1
a contact +497366 +498131 2 45 1
a contact +503492 +504203 45 2 1
a contact +503492 +504203 2 45 1
a contact +509675 +510309 45 2 1
a contact +509675 +510309 2 45 1
a contact +515851 +516466 45 2 1
a contact +515851 +516466 2 45 1
a contact +521977 +522652 45 2 1
a contact +521977 +522652 2 45 1
a contact +528061 +528806 45 2 1
a contact +528061 +528806 2 45 1
a contact +534121 +534880 45 2 1
a contact +534121 +534880 2 45 1
a contact +540169 +540859 45 2 1
a contact +540169 +540859 2 45 1
a contact +546207 +546745 45 2 1
a contact +546207 +546745 2 45 1
a contact +552227 +552565 45 2 1
a contact +552227 +552565 2 45 1
a contact +558171 +558416 45 2 1
a contact +558171 +558416 2 45 1
a contact +563993 +564399 45 2 1
a contact +563993 +564399 2 45 1
a contact +569828 +570427 45 2 1
a contact +569828 +570427 2 45 1
a contact +575741 +576469 45 2 1
a contact +575741 +576469 2 45 1
a contact +581750 +582519 45 2 1
a contact +581750 +582519 2 45 1
a contact +587853 +588585 45 2 1
a contact +587853 +588585 2 45 1
a contact +594025 +594679 45 2 1
a contact +594025 +594679 2 45 1
a contact +600210 +600820 45 2 1
a contact +600210 +600820 2 45 1
a contact +20692 +21429 45 4 1
a contact +20692 +21429 4 45 1
a contact +26778 +27457 45 4 1
a contact +26778 +27457 4 45 1
a contact +58355 +58899 45 4 1
a contact +58355 +58899 4 45 1
a contact +64336 +65089 45 4 1
a contact +64336 +65089 4 45 1
a contact +70477 +70928 45 4 1
a contact +70477 +70928 4 45 1
a contact +105133 +105802 45 4 1
a contact +105133 +105802 4 45 1
a contact +111125 +111868 45 4 1
a contact +111125 +111868 4 45 1
a contact +117575 +117679 45 4 1
a contact +117575 +117679 4 45 1
a contact +142832 +143142 45 4 1
a contact +142832 +143142 4 45 1
a contact +148732 +149476 45 4 1
a contact +148732 +149476 4 45 1
a contact +154816 +155427 45 4 1
a contact +154816 +155427 4 45 1
a contact +189610 +190156 45 4 1
a contact +189610 +190156 4 45 1
a contact +195501 +196268 45 4 1
a contact +195501 +196268 4 45 1
a contact +201740 +202226 45 4 1
a contact +201740 +202226 4 45 1
a contact +233138 +233835 45 4 1
a contact +233138 +233835 4 45 1
a contact +239181 +239882 45 4 1
a contact +239181 +239882 4 45 1
a contact +274151 +274463 45 4 1
a contact +274151 +274463 4 45 1
a contact +279903 +280657 45 4 1
a contact +279903 +280657 4 45 1
a contact +286030 +286668 45 4 1
a contact +286030 +286668 4 45 1
a contact +317559 +318162 45 4 1
a contact +317559 +318162 4 45 1
a contact +323562 +324307 45 4 1
a contact +323562 +324307 4 45 1
a contact +329741 +330085 45 4 1
a contact +329741 +330085 4 45 1
a contact +364333 +365036 45 4 1
a contact +364333 +365036 4 45 1
a contact +370364 +371085 45 4 1
a contact +370364 +371085 4 45 1
a contact +402010 +402440 45 4 1
a contact +402010 +402440 4 45 1
a contact +407953 +408705 45 4 1
a contact +407953 +408705 4 45 1
a contact +414057 +414613 45 4 1
a contact +414057 +414613 4 45 1
a contact +448793 +449399 45 4 1
a contact +448793 +449399 4 45 1
a contact +454728 +455490 45 4 1
a contact +454728 +455490 4 45 1
a contact +461027 +461413 45 4 1
a contact +461027 +461413 4 45 1
a contact +492354 +493076 45 4 1
a contact +492354 +493076 4 45 1
a contact +498414 +499084 45 4 1
a contact +498414 +499084 4 45 1
a contact +533301 +533732 45 4 1
a contact +533301 +533732 4 45 1
a contact +539119 +539883 45 4 1
a contact +539119 +539883 4 45 1
a contact +545290 +545875 45 4 1
a contact +545290 +545875 4 45 1
a contact +576769 +577417 45 4 1
a contact +576769 +577417 4 45 1
a contact +582789 +583520 45 4 1
a contact +582789 +583520 4 45 1
a contact +589041 +589201 45 4 1
a contact +589041 +589201 4 45 1
a contact +23575 +24280 45 6 1
a contact +23575 +24280 6 45 1
a contact +29656 +30296 45 6 1
a contact +29656 +30296 6 45 1
a contact +61589 +61975 45 6 1
a contact +61589 +61975 6 45 1
a contact +67486 +68252 45 6 1
a contact +67486 +68252 6 45 1
a contact +73662 +74062 45 6 1
a contact +73662 +74062 6 45 1
a contact +108036 +108638 45 6 1
a contact +108036 +108638 6 45 1
a contact +113997 +114720 45 6 1
a contact +113997 +114720 6 45 1
a contact +151889 +152631 45 6 1
a contact +151889 +152631 6 45 1
a contact +157975 +158585 45 6 1
a contact +157975 +158585 6 45 1
a contact +192557 +192951 45 6 1
a contact +192557 +192951 6 45 1
a contact +198373 +199124 45 6 1
a contact +198373 +199124 6 45 1
a contact +204669 +205006 45 6 1
a contact +204669 +205006 6 45 1
a contact +236311 +236974 45 6 1
a contact +236311 +236974 6 45 1
a contact +242332 +243048 45 6 1
a contact +242332 +243048 6 45 1
a contact +282782 +283511 45 6 1
a contact +282782 +283511 6 45 1
a contact +288915 +289498 45 6 1
a contact +288915 +289498 6 45 1
a contact +320766 +321267 45 6 1
a contact +320766 +321267 6 45 1
a contact +326710 +327472 45 6 1
a contact +326710 +327472 6 45 1
a contact +332959 +333185 45 6 1
a contact +332959 +333185 6 45 1
a contact +367226 +367879 45 6 1
a contact +367226 +367879 6 45 1
a contact +373237 +373934 45 6 1
a contact +373237 +373934 6 45 1
a contact +411106 +411864 45 6 1
a contact +411106 +411864 6 45 1
a contact +417223 +417765 45 6 1
a contact +417223 +417765 6 45 1
a contact +451716 +452216 45 6 1
a contact +451716 +452216 6 45 1
a contact +457599 +458345 45 6 1
a contact +457599 +458345 6 45 1
a contact +495519 +496223 45 6 1
a contact +495519 +496223 6 45 1
a contact +501566 +502248 45 6 1
a contact +501566 +502248 6 45 1
a contact +536374 +536404 45 6 1
a contact +536374 +536404 6 45 1
a contact +541995 +542739 45 6 1
a contact +541995 +542739 6 45 1
a contact +548185 +548692 45 6 1
a contact +548185 +548692 6 45 1
a contact +579957 +580540 45 6 1
a contact +579957 +580540 6 45 1
a contact +585937 +586686 45 6 1
a contact +585937 +586686 6 45 1
a contact +5204 +5664 45 8 1
a contact +5204 +5664 8 45 1
a contact +43793 +44554 45 8 1
a contact +43793 +44554 8 45 1
a contact +83509 +84090 45 8 1
a contact +83509 +84090 8 45 1
a contact +89494 +90156 45 8 1
a contact +89494 +90156 8 45 1
a contact +128199 +128941 45 8 1
a contact +128199 +128941 8 45 1
a contact +134375 +134796 45 8 1
a contact +134375 +134796 8 45 1
a contact +168093 +168322 45 8 1
a contact +168093 +168322 8 45 1
a contact +173851 +174588 45 8 1
a contact +173851 +174588 8 45 1
a contact +212643 +213283 45 8 1
a contact +212643 +213283 8 45 1
a contact +218665 +219319 45 8 1
a contact +218665 +219319 8 45 1
a contact +258251 +258983 45 8 1
a contact +258251 +258983 8 45 1
a contact +264517 +264801 45 8 1
a contact +264517 +264801 8 45 1
a contact +297165 +297541 45 8 1
a contact +297165 +297541 8 45 1
a contact +303020 +303767 45 8 1
a contact +303020 +303767 8 45 1
a contact +342695 +343342 45 8 1
a contact +342695 +343342 8 45 1
a contact +348749 +349349 45 8 1
a contact +348749 +349349 8 45 1
a contact +387412 +388172 45 8 1
a contact +387412 +388172 8 45 1
a contact +393706 +393898 45 8 1
a contact +393706 +393898 8 45 1
a contact +427209 +427640 45 8 1
a contact +427209 +427640 8 45 1
a contact +433083 +433800 45 8 1
a contact +433083 +433800 8 45 1
a contact +471840 +472534 45 8 1
a contact +471840 +472534 8 45 1
a contact +477919 +478501 45 8 1
a contact +477919 +478501 8 45 1
a contact +517466 +518210 45 8 1
a contact +517466 +518210 8 45 1
a contact +556319 +556837 45 8 1
a contact +556319 +556837 8 45 1
a contact +562254 +562974 45 8 1
a contact +562254 +562974 8 45 1
a contact +601891 +602585 45 8 1
a contact +601891 +602585 8 45 1
a contact +28560 +28946 45 10 1
a contact +28560 +28946 10 45 1
a contact +34451 +35196 45 10 1
a contact +34451 +35196 10 45 1
a contact +74746 +75396 45 10 1
a contact +74746 +75396 10 45 1
a contact +80749 +81452 45 10 1
a contact +80749 +81452 10 45 1
a contact +118849 +119586 45 10 1
a contact +118849 +119586 10 45 1
a contact +124984 +125470 45 10 1
a contact +124984 +125470 10 45 1
a contact +159254 +159716 45 10 1
a contact +159254 +159716 10 45 1
a contact +165110 +165869 45 10 1
a contact +165110 +165869 10 45 1
a contact +203271 +203938 45 10 1
a contact +203271 +203938 10 45 1
a contact +209312 +209966 45 10 1
a contact +209312 +209966 10 45 1
a contact +249506 +250263 45 10 1
a contact +249506 +250263 10 45 1
a contact +255717 +256185 45 10 1
a contact +255717 +256185 10 45 1
a contact +287731 +288237 45 10 1
a contact +287731 +288237 10 45 1
a contact +293678 +294410 45 10 1
a contact +293678 +294410 10 45 1
a contact +333940 +334636 45 10 1
a contact +333940 +334636 10 45 1
a contact +339999 +340657 45 10 1
a contact +339999 +340657 10 45 1
a contact +378068 +378815 45 10 1
a contact +378068 +378815 10 45 1
a contact +384259 +384621 45 10 1
a contact +384259 +384621 10 45 1
a contact +418420 +418977 45 10 1
a contact +418420 +418977 10 45 1
a contact +424342 +425085 45 10 1
a contact +424342 +425085 10 45 1
a contact +462479 +463184 45 10 1
a contact +462479 +463184 10 45 1
a contact +468556 +469155 45 10 1
a contact +468556 +469155 10 45 1
a contact +503008 +503226 45 10 1
a contact +503008 +503226 10 45 1
a contact +508724 +509489 45 10 1
a contact +508724 +509489 10 45 1
a contact +515024 +515342 45 10 1
a contact +515024 +515342 10 45 1
a contact +546920 +547508 45 10 1
a contact +546920 +547508 10 45 1
a contact +552909 +553617 45 10 1
a contact +552909 +553617 10 45 1
a contact +593142 +593871 45 10 1
a contact +593142 +593871 10 45 1
a contact +599258 +599855 45 10 1
a contact +599258 +599855 10 45 1
