a contact +0 +604800 4 1 1
a contact +0 +604800 1 4 1
a contact +0 +604800 10 1 1
a contact +0 +604800 1 10 1
a contact +0 +604800 12 1 1
a contact +0 +604800 1 12 1
a contact +0 +604800 22 1 1
a contact +0 +604800 1 22 1
a contact +0 +604800 26 1 1
a contact +0 +604800 1 26 1
a contact +0 +604800 5 4 1
a contact +0 +604800 4 5 1
a contact +0 +604800 11 10 1
a contact +0 +604800 10 11 1
a contact +0 +604800 13 12 1
a contact +0 +604800 12 13 1
a contact +0 +604800 23 22 1
a contact +0 +604800 22 23 1
a contact +0 +604800 27 26 1
a contact +0 +604800 26 27 1
a contact +15355 +15915 44 5 1
a contact +15355 +15915 5 44 1
a contact +21158 +22053 44 5 1
a contact +21158 +22053 5 44 1
a contact +27263 +28081 44 5 1
a contact +27263 +28081 5 44 1
a contact +58796 +59567 44 5 1
a contact +58796 +59567 5 44 1
a contact +64813 +65703 44 5 1
a contact +64813 +65703 5 44 1
a contact +70934 +71546 44 5 1
a contact +70934 +71546 5 44 1
a contact +99942 +100196 44 5 1
a contact +99942 +100196 5 44 1
a contact +105586 +106435 44 5 1
a contact +105586 +106435 5 44 1
a contact +111608 +112488 44 5 1
a contact +111608 +112488 5 44 1
a contact +117967 +118413 44 5 1
a contact +117967 +118413 5 44 1
a contact +143222 +143868 44 5 1
a contact +143222 +143868 5 44 1
a contact +149205 +150099 44 5 1
a contact +149205 +150099 5 44 1
a contact +155287 +156035 44 5 1
a contact +155287 +156035 5 44 1
a contact +190040 +190806 44 5 1
a contact +190040 +190806 5 44 1
a contact +195979 +196887 44 5 1
a contact +195979 +196887 5 44 1
a contact +202214 +202870 44 5 1
a contact +202214 +202870 5 44 1
a contact +227679 +228115 44 5 1
a contact +227679 +228115 5 44 1
a contact +233604 +234471 44 5 1
a contact +233604 +234471 5 44 1
a contact +239658 +240490 44 5 1
a contact +239658 +240490 5 44 1
a contact +245919 +246110 44 5 1
a contact +245919 +246110 5 44 1
a contact +274526 +275162 44 5 1
a contact +274526 +275162 5 44 1
a contact +280374 +281279 44 5 1
a contact +280374 +281279 5 44 1
a contact +286514 +287295 44 5 1
a contact +286514 +287295 5 44 1
a contact +318011 +318817 44 5 1
a contact +318011 +318817 5 44 1
a contact +324039 +324919 44 5 1
a contact +324039 +324919 5 44 1
a contact +330182 +330716 44 5 1
a contact +330182 +330716 5 44 1
a contact +359066 +359482 44 5 1
a contact +359066 +359482 5 44 1
a contact +364792 +365664 44 5 1
a contact +364792 +365664 5 44 1
a contact +370848 +371706 44 5 1
a contact +370848 +371706 5 44 1
a contact +377283 +377584 44 5 1
a contact +377283 +377584 5 44 1
a contact +402429 +403134 44 5 1
a contact +402429 +403134 5 44 1
a contact +408428 +409324 44 5 1
a contact +408428 +409324 5 44 1
a contact +414524 +415223 44 5 1
a contact +414524 +415223 5 44 1
a contact +449234 +450040 44 5 1
a contact +449234 +450040 5 44 1
a contact +455209 +456108 44 5 1
a contact +455209 +456108 5 44 1
a contact +461488 +462072 44 5 1
a contact +461488 +462072 5 44 1
a contact +486870 +487408 44 5 1
a contact +486870 +487408 5 44 1
a contact +492824 +493705 44 5 1
a contact +492824 +493705 5 44 1
a contact +498889 +499691 44 5 1
a contact +498889 +499691 5 44 1
a contact +533706 +534403 44 5 1
a contact +533706 +534403 5 44 1
a contact +539594 +540503 44 5 1
a contact +539594 +540503 5 44 1
a contact +545770 +546507 44 5 1
a contact +545770 +546507 5 44 1
a contact +571390 +571578 44 5 1
a contact +571390 +571578 5 44 1
a contact +577227 +578063 44 5 1
a contact +577227 +578063 5 44 1
a contact +583266 +584130 44 5 1
a contact +583266 +584130 5 44 1
a contact +589439 +589873 44 5 1
a contact +589439 +589873 5 44 1
a contact +28961 +29650 44 11 1
a contact +28961 +29650 11 44 1
a contact +34929 +35808 44 11 1
a contact +34929 +35808 11 44 1
a contact +41195 +41492 44 11 1
a contact +41195 +41492 11 44 1
a contact +75193 +76035 44 11 1
a contact +75193 +76035 11 44 1
a contact +81235 +82069 44 11 1
a contact +81235 +82069 11 44 1
a contact +113459 +113890 44 11 1
a contact +113459 +113890 11 44 1
a contact +119321 +120209 44 11 1
a contact +119321 +120209 11 44 1
a contact +125453 +126080 44 11 1
a contact +125453 +126080 11 44 1
a contact +159662 +160388 44 11 1
a contact +159662 +160388 11 44 1
a contact +165590 +166485 44 11 1
a contact +165590 +166485 11 44 1
a contact +172030 +172252 44 11 1
a contact +172030 +172252 11 44 1
a contact +203729 +204579 44 11 1
a contact +203729 +204579 11 44 1
a contact +209791 +210572 44 11 1
a contact +209791 +210572 11 44 1
a contact +244190 +244699 44 11 1
a contact +244190 +244699 11 44 1
a contact +249978 +250884 44 11 1
a contact +249978 +250884 11 44 1
a contact +256194 +256818 44 11 1
a contact +256194 +256818 11 44 1
a contact +288159 +288912 44 11 1
a contact +288159 +288912 11 44 1
a contact +294157 +295019 44 11 1
a contact +294157 +295019 11 44 1
a contact +334396 +335267 44 11 1
a contact +334396 +335267 11 44 1
a contact +340485 +341276 44 11 1
a contact +340485 +341276 11 44 1
a contact +372627 +373191 44 11 1
a contact +372627 +373191 11 44 1
a contact +378542 +379432 44 11 1
a contact +378542 +379432 11 44 1
a contact +384715 +385242 44 11 1
a contact +384715 +385242 11 44 1
a contact +418849 +419631 44 11 1
a contact +418849 +419631 11 44 1
a contact +424825 +425701 44 11 1
a contact +424825 +425701 11 44 1
a contact +462944 +463815 44 11 1
a contact +462944 +463815 11 44 1
a contact +469032 +469761 44 11 1
a contact +469032 +469761 11 44 1
a contact +503347 +503964 44 11 1
a contact +503347 +503964 11 44 1
a contact +509200 +510107 44 11 1
a contact +509200 +510107 11 44 1
a contact +515484 +515995 44 11 1
a contact +515484 +515995 11 44 1
a contact +547364 +548165 44 11 1
a contact +547364 +548165 11 44 1
a contact +553389 +554224 44 11 1
a contact +553389 +554224 11 44 1
a contact +587959 +588202 44 11 1
a contact +587959 +588202 11 44 1
a contact +593605 +594497 44 11 1
a contact +593605 +594497 11 44 1
a contact +599743 +600477 44 11 1
a contact +599743 +600477 11 44 1
a contact +7 +370 44 13 1
a contact +7 +370 13 44 1
a contact +5734 +6619 44 13 1
a contact +5734 +6619 13 44 1
a contact +11959 +12523 44 13 1
a contact +11959 +12523 13 44 1
a contact +44123 +44857 44 13 1
a contact +44123 +44857 13 44 1
a contact +50099 +50980 44 13 1
a contact +50099 +50980 13 44 1
a contact +90156 +90999 44 13 1
a contact +90156 +90999 13 44 1
a contact +96240 +97000 44 13 1
a contact +96240 +97000 13 44 1
a contact +128621 +129111 44 13 1
a contact +128621 +129111 13 44 1
a contact +134485 +135392 44 13 1
a contact +134485 +135392 13 44 1
a contact +140675 +141193 44 13 1
a contact +140675 +141193 13 44 1
a contact +174617 +175353 44 13 1
a contact +174617 +175353 13 44 1
a contact +180578 +181434 44 13 1
a contact +180578 +181434 13 44 1
a contact +218891 +219771 44 13 1
a contact +218891 +219771 13 44 1
a contact +224979 +225720 44 13 1
a contact +224979 +225720 13 44 1
a contact +259139 +259661 44 13 1
a contact +259139 +259661 13 44 1
a contact +264954 +265842 44 13 1
a contact +264954 +265842 13 44 1
a contact +271263 +271682 44 13 1
a contact +271263 +271682 13 44 1
a contact +303321 +304115 44 13 1
a contact +303321 +304115 13 44 1
a contact +309331 +310185 44 13 1
a contact +309331 +310185 13 44 1
a contact +349363 +350230 44 13 1
a contact +349363 +350230 13 44 1
a contact +355500 +356196 44 13 1
a contact +355500 +356196 13 44 1
a contact +387790 +388405 44 13 1
a contact +387790 +388405 13 44 1
a contact +393709 +394611 44 13 1
a contact +393709 +394611 13 44 1
a contact +399971 +400319 44 13 1
a contact +399971 +400319 13 44 1
a contact +433807 +434596 44 13 1
a contact +433807 +434596 13 44 1
a contact +439819 +440644 44 13 1
a contact +439819 +440644 13 44 1
a contact +472431 +472506 44 13 1
a contact +472431 +472506 13 44 1
a contact +478106 +479004 44 13 1
a contact +478106 +479004 13 44 1
a contact +484231 +484898 44 13 1
a contact +484231 +484898 13 44 1
a contact +518299 +518928 44 13 1
a contact +518299 +518928 13 44 1
a contact +524180 +525061 44 13 1
a contact +524180 +525061 13 44 1
a contact +530652 +530759 44 13 1
a contact +530652 +530759 13 44 1
a contact +562526 +563363 44 13 1
a contact +562526 +563363 13 44 1
a contact +568567 +569384 44 13 1
a contact +568567 +569384 13 44 1
a contact +602904 +603162 44 13 1
a contact +602904 +603162 13 44 1
a contact +1716 +2602 44 23 1
a contact +1716 +2602 23 44 1
a contact +7793 +8565 44 23 1
a contact +7793 +8565 23 44 1
a contact +42234 +42823 44 23 1
a contact +42234 +42823 23 44 1
a contact +48077 +48968 44 23 1
a contact +48077 +48968 23 44 1
a contact +54329 +54888 44 23 1
a contact +54329 +54888 23 44 1
a contact +86135 +86950 44 23 1
a contact +86135 +86950 23 44 1
a contact +92157 +93020 44 23 1
a contact +92157 +93020 23 44 1
a contact +126855 +127054 44 23 1
a contact +126855 +127054 23 44 1
a contact +132486 +133356 44 23 1
a contact +132486 +133356 23 44 1
a contact +138606 +139352 44 23 1
a contact +138606 +139352 23 44 1
a contact +170578 +171255 44 23 1
a contact +170578 +171255 23 44 1
a contact +176538 +177442 44 23 1
a contact +176538 +177442 23 44 1
a contact +182723 +183221 44 23 1
a contact +182723 +183221 23 44 1
a contact +216926 +217728 44 23 1
a contact +216926 +217728 23 44 1
a contact +222936 +223780 44 23 1
a contact +222936 +223780 23 44 1
a contact +255082 +255481 44 23 1
a contact +255082 +255481 23 44 1
a contact +260934 +261834 44 23 1
a contact +260934 +261834 23 44 1
a contact +267036 +267751 44 23 1
a contact +267036 +267751 23 44 1
a contact +301405 +302076 44 23 1
a contact +301405 +302076 23 44 1
a contact +307303 +308189 44 23 1
a contact +307303 +308189 23 44 1
a contact +313629 +314059 44 23 1
a contact +313629 +314059 23 44 1
a contact +345345 +346196 44 23 1
a contact +345345 +346196 23 44 1
a contact +351389 +352222 44 23 1
a contact +351389 +352222 23 44 1
a contact +385953 +386373 44 23 1
a contact +385953 +386373 23 44 1
a contact +391699 +392583 44 23 1
a contact +391699 +392583 23 44 1
a contact +397868 +398552 44 23 1
a contact +397868 +398552 23 44 1
a contact +429777 +430521 44 23 1
a contact +429777 +430521 23 44 1
a contact +435764 +436657 44 23 1
a contact +435764 +436657 23 44 1
a contact +442012 +442350 44 23 1
a contact +442012 +442350 23 44 1
a contact +476126 +476962 44 23 1
a contact +476126 +476962 23 44 1
a contact +482180 +482992 44 23 1
a contact +482180 +482992 23 44 1
a contact +514247 +514789 44 23 1
a contact +514247 +514789 23 44 1
a contact +520154 +521061 44 23 1
a contact +520154 +521061 23 44 1
a contact +526285 +526927 44 23 1
a contact +526285 +526927 23 44 1
a contact +560587 +561321 44 23 1
a contact +560587 +561321 23 44 1
a contact +566533 +567408 44 23 1
a contact +566533 +567408 23 44 1
a contact +572981 +573181 44 23 1
a contact +572981 +573181 23 44 1
a contact +604559 +604800 44 23 1
a contact +604559 +604800 23 44 1
a contact +1286 +1712 44 27 1
a contact +1286 +1712 27 44 1
a contact +18840 +19254 44 27 1
a contact +18840 +19254 27 44 1
a contact +24591 +25328 44 27 1
a contact +24591 +25328 27 44 1
a contact +30500 +31383 44 27 1
a contact +30500 +31383 27 44 1
a contact +36552 +37440 44 27 1
a contact +36552 +37440 27 44 1
a contact +42740 +43509 44 27 1
a contact +42740 +43509 27 44 1
a contact +49026 +49620 44 27 1
a contact +49026 +49620 27 44 1
a contact +55279 +55840 44 27 1
a contact +55279 +55840 27 44 1
a contact +61413 +62135 44 27 1
a contact +61413 +62135 27 44 1
a contact +67489 +68361 44 27 1
a contact +67489 +68361 27 44 1
a contact +73547 +74455 44 27 1
a contact +73547 +74455 27 44 1
a contact +79602 +80407 44 27 1
a contact +79602 +80407 27 44 1
a contact +85665 +86208 44 27 1
a contact +85665 +86208 27 44 1
a contact +103360 +103619 44 27 1
a contact +103360 +103619 27 44 1
a contact +109053 +109716 44 27 1
a contact +109053 +109716 27 44 1
a contact +114917 +115773 44 27 1
a contact +114917 +115773 27 44 1
a contact +120928 +121828 44 27 1
a contact +120928 +121828 27 44 1
a contact +127078 +127892 44 27 1
a contact +127078 +127892 27 44 1
a contact +133344 +133986 44 27 1
a contact +133344 +133986 27 44 1
a contact +139623 +140167 44 27 1
a contact +139623 +140167 27 44 1
a contact +145789 +146457 44 27 1
a contact +145789 +146457 27 44 1
a contact +151876 +152714 44 27 1
a contact +151876 +152714 27 44 1
a contact +157937 +158848 44 27 1
a contact +157937 +158848 27 44 1
a contact +163992 +164842 44 27 1
a contact +163992 +164842 27 44 1
a contact +170050 +170689 44 27 1
a contact +170050 +170689 27 44 1
a contact +176163 +176350 44 27 1
a contact +176163 +176350 27 44 1
a contact +193528 +194102 44 27 1
a contact +193528 +194102 27 44 1
a contact +199347 +200163 44 27 1
a contact +199347 +200163 27 44 1
a contact +205316 +206218 44 27 1
a contact +205316 +206218 27 44 1
a contact +211426 +212278 44 27 1
a contact +211426 +212278 27 44 1
a contact +217664 +218358 44 27 1
a contact +217664 +218358 27 44 1
a contact +223956 +224506 44 27 1
a contact +223956 +224506 27 44 1
a contact +230158 +230774 44 27 1
a contact +230158 +230774 27 44 1
a contact +236260 +237055 44 27 1
a contact +236260 +237055 27 44 1
a contact +242326 +243229 44 27 1
a contact +242326 +243229 27 44 1
a contact +248382 +249265 44 27 1
a contact +248382 +249265 27 44 1
a contact +254438 +255156 44 27 1
a contact +254438 +255156 27 44 1
a contact +260517 +260886 44 27 1
a contact +260517 +260886 27 44 1
a contact +278018 +278484 44 27 1
a contact +278018 +278484 27 44 1
a contact +283790 +284553 44 27 1
a contact +283790 +284553 27 44 1
a contact +289716 +290608 44 27 1
a contact +289716 +290608 27 44 1
a contact +295786 +296665 44 27 1
a contact +295786 +296665 27 44 1
a contact +301989 +302737 44 27 1
a contact +301989 +302737 27 44 1
a contact +308280 +308857 44 27 1
a contact +308280 +308857 27 44 1
a contact +314518 +315092 44 27 1
a contact +314518 +315092 27 44 1
a contact +320642 +321387 44 27 1
a contact +320642 +321387 27 44 1
a contact +326715 +327598 44 27 1
a contact +326715 +327598 27 44 1
a contact +332772 +333675 44 27 1
a contact +332772 +333675 27 44 1
a contact +338826 +339609 44 27 1
a contact +338826 +339609 27 44 1
a contact +344893 +345391 44 27 1
a contact +344893 +345391 27 44 1
a contact +362527 +362857 44 27 1
a contact +362527 +362857 27 44 1
a contact +368246 +368941 44 27 1
a contact +368246 +368941 27 44 1
a contact +374129 +374998 44 27 1
a contact +374129 +374998 27 44 1
a contact +380157 +381053 44 27 1
a contact +380157 +381053 27 44 1
a contact +386323 +387119 44 27 1
a contact +386323 +387119 27 44 1
a contact +392598 +393219 44 27 1
a contact +392598 +393219 27 44 1
a contact +398868 +399416 44 27 1
a contact +398868 +399416 27 44 1
a contact +405020 +405710 44 27 1
a contact +405020 +405710 27 44 1
a contact +411102 +411955 44 27 1
a contact +411102 +411955 27 44 1
a contact +417162 +418073 44 27 1
a contact +417162 +418073 27 44 1
a contact +423216 +424050 44 27 1
a contact +423216 +424050 27 44 1
a contact +429277 +429878 44 27 1
a contact +429277 +429878 27 44 1
a contact +447084 +447191 44 27 1
a contact +447084 +447191 27 44 1
a contact +452715 +453328 44 27 1
a contact +452715 +453328 27 44 1
a contact +458554 +459388 44 27 1
a contact +458554 +459388 27 44 1
a contact +464540 +465443 44 27 1
a contact +464540 +465443 27 44 1
a contact +470667 +471504 44 27 1
a contact +470667 +471504 27 44 1
a contact +476917 +477589 44 27 1
a contact +476917 +477589 27 44 1
a contact +483206 +483750 44 27 1
a contact +483206 +483750 27 44 1
a contact +489392 +490029 44 27 1
a contact +489392 +490029 27 44 1
a contact +495487 +496301 44 27 1
a contact +495487 +496301 27 44 1
a contact +501551 +502459 44 27 1
a contact +501551 +502459 27 44 1
a contact +507606 +508477 44 27 1
a contact +507606 +508477 27 44 1
a contact +513663 +514350 44 27 1
a contact +513663 +514350 27 44 1
a contact +519752 +520056 44 27 1
a contact +519752 +520056 27 44 1
a contact +537199 +537712 44 27 1
a contact +537199 +537712 27 44 1
a contact +542991 +543778 44 27 1
a contact +542991 +543778 27 44 1
a contact +548935 +549832 44 27 1
a contact +548935 +549832 27 44 1
a contact +555021 +555890 44 27 1
a contact +555021 +555890 27 44 1
a contact +561240 +561966 44 27 1
a contact +561240 +561966 27 44 1
a contact +567533 +568097 44 27 1
a contact +567533 +568097 27 44 1
a contact +573756 +574346 44 27 1
a contact +573756 +574346 27 44 1
a contact +579870 +580636 44 27 1
a contact +579870 +580636 27 44 1
a contact +585940 +586833 44 27 1
a contact +585940 +586833 27 44 1
a contact +591996 +592893 44 27 1
a contact +591996 +592893 27 44 1
a contact +598051 +598809 44 27 1
a contact +598051 +598809 27 44 1
a contact +604122 +604570 44 27 1
a contact +604122 +604570 27 44 1
