a contact +0 +604800 4 1 1
a contact +0 +604800 1 4 1
a contact +0 +604800 10 1 1
a contact +0 +604800 1 10 1
a contact +0 +604800 12 1 1
a contact +0 +604800 1 12 1
a contact +0 +604800 5 4 1
a contact +0 +604800 4 5 1
a contact +0 +604800 11 10 1
a contact +0 +604800 10 11 1
a contact +0 +604800 13 12 1
a contact +0 +604800 12 13 1
a contact +15355 +15915 44 5 1
a contact +15355 +15915 5 44 1
a contact +21158 +22053 44 5 1
a contact +21158 +22053 5 44 1
a contact +27263 +28081 44 5 1
a contact +27263 +28081 5 44 1
a contact +58796 +59567 44 5 1
a contact +58796 +59567 5 44 1
a contact +64813 +65703 44 5 1
a contact +64813 +65703 5 44 1
a contact +70934 +71546 44 5 1
a contact +70934 +71546 5 44 1
a contact +99942 +100196 44 5 1
a contact +99942 +100196 5 44 1
a contact +105586 +106435 44 5 1
a contact +105586 +106435 5 44 1
a contact +111608 +112488 44 5 1
a contact +111608 +112488 5 44 1
a contact +117967 +118413 44 5 1
a contact +117967 +118413 5 44 1
a contact +143222 +143868 44 5 1
a contact +143222 +143868 5 44 1
a contact +149205 +150099 44 5 1
a contact +149205 +150099 5 44 1
a contact +155287 +156035 44 5 1
a contact +155287 +156035 5 44 1
a contact +190040 +190806 44 5 1
a contact +190040 +190806 5 44 1
a contact +195979 +196887 44 5 1
a contact +195979 +196887 5 44 1
a contact +202214 +202870 44 5 1
a contact +202214 +202870 5 44 1
a contact +227679 +228115 44 5 1
a contact +227679 +228115 5 44 1
a contact +233604 +234471 44 5 1
a contact +233604 +234471 5 44 1
a contact +239658 +240490 44 5 1
a contact +239658 +240490 5 44 1
a contact +245919 +246110 44 5 1
a contact +245919 +246110 5 44 1
a contact +274526 +275162 44 5 1
a contact +274526 +275162 5 44 1
a contact +280374 +281279 44 5 1
a contact +280374 +281279 5 44 1
a contact +286514 +287295 44 5 1
a contact +286514 +287295 5 44 1
a contact +318011 +318817 44 5 1
a contact +318011 +318817 5 44 1
a contact +324039 +324919 44 5 1
a contact +324039 +324919 5 44 1
a contact +330182 +330716 44 5 1
a contact +330182 +330716 5 44 1
a contact +359066 +359482 44 5 1
a contact +359066 +359482 5 44 1
a contact +364792 +365664 44 5 1
a contact +364792 +365664 5 44 1
a contact +370848 +371706 44 5 1
a contact +370848 +371706 5 44 1
a contact +377283 +377584 44 5 1
a contact +377283 +377584 5 44 1
a contact +402429 +403134 44 5 1
a contact +402429 +403134 5 44 1
a contact +408428 +409324 44 5 1
a contact +408428 +409324 5 44 1
a contact +414524 +415223 44 5 1
a contact +414524 +415223 5 44 1
a contact +449234 +450040 44 5 1
a contact +449234 +450040 5 44 1
a contact +455209 +456108 44 5 1
a contact +455209 +456108 5 44 1
a contact +461488 +462072 44 5 1
a contact +461488 +462072 5 44 1
a contact +486870 +487408 44 5 1
a contact +486870 +487408 5 44 1
a contact +492824 +493705 44 5 1
a contact +492824 +493705 5 44 1
a contact +498889 +499691 44 5 1
a contact +498889 +499691 5 44 1
a contact +533706 +534403 44 5 1
a contact +533706 +534403 5 44 1
a contact +539594 +540503 44 5 1
a contact +539594 +540503 5 44 1
a contact +545770 +546507 44 5 1
a contact +545770 +546507 5 44 1
a contact +571390 +571578 44 5 1
a contact +571390 +571578 5 44 1
a contact +577227 +578063 44 5 1
a contact +577227 +578063 5 44 1
a contact +583266 +584130 44 5 1
a contact +583266 +584130 5 44 1
a contact +589439 +589873 44 5 1
a contact +589439 +589873 5 44 1
a contact +28961 +29650 44 11 1
a contact +28961 +29650 11 44 1
a contact +34929 +35808 44 11 1
a contact +34929 +35808 11 44 1
a contact +41195 +41492 44 11 1
a contact +41195 +41492 11 44 1
a contact +75193 +76035 44 11 1
a contact +75193 +76035 11 44 1
a contact +81235 +82069 44 11 1
a contact +81235 +82069 11 44 1
a contact +113459 +113890 44 11 1
a contact +113459 +113890 11 44 1
a contact +119321 +120209 44 11 1
a contact +119321 +120209 11 44 1
a contact +125453 +126080 44 11 1
a contact +125453 +126080 11 44 1
a contact +159662 +160388 44 11 1
a contact +159662 +160388 11 44 1
a contact +165590 +166485 44 11 1
a contact +165590 +166485 11 44 1
a contact +172030 +172252 44 11 1
a contact +172030 +172252 11 44 1
a contact +203729 +204579 44 11 1
a contact +203729 +204579 11 44 1
a contact +209791 +210572 44 11 1
a contact +209791 +210572 11 44 1
a contact +244190 +244699 44 11 1
a contact +244190 +244699 11 44 1
a contact +249978 +250884 44 11 1
a contact +249978 +250884 11 44 1
a contact +256194 +256818 44 11 1
a contact +256194 +256818 11 44 1
a contact +288159 +288912 44 11 1
a contact +288159 +288912 11 44 1
a contact +294157 +295019 44 11 1
a contact +294157 +295019 11 44 1
a contact +334396 +335267 44 11 1
a contact +334396 +335267 11 44 1
a contact +340485 +341276 44 11 1
a contact +340485 +341276 11 44 1
a contact +372627 +373191 44 11 1
a contact +372627 +373191 11 44 1
a contact +378542 +379432 44 11 1
a contact +378542 +379432 11 44 1
a contact +384715 +385242 44 11 1
a contact +384715 +385242 11 44 1
a contact +418849 +419631 44 11 1
a contact +418849 +419631 11 44 1
a contact +424825 +425701 44 11 1
a contact +424825 +425701 11 44 1
a contact +462944 +463815 44 11 1
a contact +462944 +463815 11 44 1
a contact +469032 +469761 44 11 1
a contact +469032 +469761 11 44 1
a contact +503347 +503964 44 11 1
a contact +503347 +503964 11 44 1
a contact +509200 +510107 44 11 1
a contact +509200 +510107 11 44 1
a contact +515484 +515995 44 11 1
a contact +515484 +515995 11 44 1
a contact +547364 +548165 44 11 1
a contact +547364 +548165 11 44 1
a contact +553389 +554224 44 11 1
a contact +553389 +554224 11 44 1
a contact +587959 +588202 44 11 1
a contact +587959 +588202 11 44 1
a contact +593605 +594497 44 11 1
a contact +593605 +594497 11 44 1
a contact +599743 +600477 44 11 1
a contact +599743 +600477 11 44 1
a contact +7 +370 44 13 1
a contact +7 +370 13 44 1
a contact +5734 +6619 44 13 1
a contact +5734 +6619 13 44 1
a contact +11959 +12523 44 13 1
a contact +11959 +12523 13 44 1
a contact +44123 +44857 44 13 1
a contact +44123 +44857 13 44 1
a contact +50099 +50980 44 13 1
a contact +50099 +50980 13 44 1
a contact +90156 +90999 44 13 1
a contact +90156 +90999 13 44 1
a contact +96240 +97000 44 13 1
a contact +96240 +97000 13 44 1
a contact +128621 +129111 44 13 1
a contact +128621 +129111 13 44 1
a contact +134485 +135392 44 13 1
a contact +134485 +135392 13 44 1
a contact +140675 +141193 44 13 1
a contact +140675 +141193 13 44 1
a contact +174617 +175353 44 13 1
a contact +174617 +175353 13 44 1
a contact +180578 +181434 44 13 1
a contact +180578 +181434 13 44 1
a contact +218891 +219771 44 13 1
a contact +218891 +219771 13 44 1
a contact +224979 +225720 44 13 1
a contact +224979 +225720 13 44 1
a contact +259139 +259661 44 13 1
a contact +259139 +259661 13 44 1
a contact +264954 +265842 44 13 1
a contact +264954 +265842 13 44 1
a contact +271263 +271682 44 13 1
a contact +271263 +271682 13 44 1
a contact +303321 +304115 44 13 1
a contact +303321 +304115 13 44 1
a contact +309331 +310185 44 13 1
a contact +309331 +310185 13 44 1
a contact +349363 +350230 44 13 1
a contact +349363 +350230 13 44 1
a contact +355500 +356196 44 13 1
a contact +355500 +356196 13 44 1
a contact +387790 +388405 44 13 1
a contact +387790 +388405 13 44 1
a contact +393709 +394611 44 13 1
a contact +393709 +394611 13 44 1
a contact +399971 +400319 44 13 1
a contact +399971 +400319 13 44 1
a contact +433807 +434596 44 13 1
a contact +433807 +434596 13 44 1
a contact +439819 +440644 44 13 1
a contact +439819 +440644 13 44 1
a contact +472431 +472506 44 13 1
a contact +472431 +472506 13 44 1
a contact +478106 +479004 44 13 1
a contact +478106 +479004 13 44 1
a contact +484231 +484898 44 13 1
a contact +484231 +484898 13 44 1
a contact +518299 +518928 44 13 1
a contact +518299 +518928 13 44 1
a contact +524180 +525061 44 13 1
a contact +524180 +525061 13 44 1
a contact +530652 +530759 44 13 1
a contact +530652 +530759 13 44 1
a contact +562526 +563363 44 13 1
a contact +562526 +563363 13 44 1
a contact +568567 +569384 44 13 1
a contact +568567 +569384 13 44 1
a contact +602904 +603162 44 13 1
a contact +602904 +603162 13 44 1
