a contact +0 +604800 10 1 1
a contact +0 +604800 1 10 1
a contact +0 +604800 11 10 1
a contact +0 +604800 10 11 1
a contact +28961 +29650 44 11 1
a contact +28961 +29650 11 44 1
a contact +34929 +35808 44 11 1
a contact +34929 +35808 11 44 1
a contact +41195 +41492 44 11 1
a contact +41195 +41492 11 44 1
a contact +75193 +76035 44 11 1
a contact +75193 +76035 11 44 1
a contact +81235 +82069 44 11 1
a contact +81235 +82069 11 44 1
a contact +113459 +113890 44 11 1
a contact +113459 +113890 11 44 1
a contact +119321 +120209 44 11 1
a contact +119321 +120209 11 44 1
a contact +125453 +126080 44 11 1
a contact +125453 +126080 11 44 1
a contact +159662 +160388 44 11 1
a contact +159662 +160388 11 44 1
a contact +165590 +166485 44 11 1
a contact +165590 +166485 11 44 1
a contact +172030 +172252 44 11 1
a contact +172030 +172252 11 44 1
a contact +203729 +204579 44 11 1
a contact +203729 +204579 11 44 1
a contact +209791 +210572 44 11 1
a contact +209791 +210572 11 44 1
a contact +244190 +244699 44 11 1
a contact +244190 +244699 11 44 1
a contact +249978 +250884 44 11 1
a contact +249978 +250884 11 44 1
a contact +256194 +256818 44 11 1
a contact +256194 +256818 11 44 1
a contact +288159 +288912 44 11 1
a contact +288159 +288912 11 44 1
a contact +294157 +295019 44 11 1
a contact +294157 +295019 11 44 1
a contact +334396 +335267 44 11 1
a contact +334396 +335267 11 44 1
a contact +340485 +341276 44 11 1
a contact +340485 +341276 11 44 1
a contact +372627 +373191 44 11 1
a contact +372627 +373191 11 44 1
a contact +378542 +379432 44 11 1
a contact +378542 +379432 11 44 1
a contact +384715 +385242 44 11 1
a contact +384715 +385242 11 44 1
a contact +418849 +419631 44 11 1
a contact +418849 +419631 11 44 1
a contact +424825 +425701 44 11 1
a contact +424825 +425701 11 44 1
a contact +462944 +463815 44 11 1
a contact +462944 +463815 11 44 1
a contact +469032 +469761 44 11 1
a contact +469032 +469761 11 44 1
a contact +503347 +503964 44 11 1
a contact +503347 +503964 11 44 1
a contact +509200 +510107 44 11 1
a contact +509200 +510107 11 44 1
a contact +515484 +515995 44 11 1
a contact +515484 +515995 11 44 1
a contact +547364 +548165 44 11 1
a contact +547364 +548165 11 44 1
a contact +553389 +554224 44 11 1
a contact +553389 +554224 11 44 1
a contact +587959 +588202 44 11 1
a contact +587959 +588202 11 44 1
a contact +593605 +594497 44 11 1
a contact +593605 +594497 11 44 1
a contact +599743 +600477 44 11 1
a contact +599743 +600477 11 44 1
